1752007171736 28007.75390625 1
1752007172501 29591.91796875 2
1752007172975 28392.240234375 3
1752007173449 31245.5625 4
1752007173920 26950.896484375 5
1752007174394 30740.03125 6
1752007174868 30352.3125 7
1752007175347 30404.23046875 8
1752007175818 24994.0625 9
1752007176291 28970.296875 10
1752007176764 28377.990234375 11
1752007177262 31644.029296875 12
1752007177749 29396.44921875 13
1752007178240 26831.08984375 14
1752007178720 26904.5078125 15
1752007179203 27764.302734375 16
1752007179680 28781.40625 17
1752007180160 25639.896484375 18
1752007180638 28650.12109375 19
1752007181111 30691.48046875 20
1752007181589 29954.1796875 21
1752007182060 28781.51171875 22
1752007182553 31378.71875 23
1752007183044 27313.552734375 24
1752007183530 27533.84375 25
1752007184007 24107.28125 26
1752007184480 29074.7890625 27
1752007184953 28305.15625 28
1752007185438 26086.140625 29
1752007185932 30655.03515625 30
1752007186412 27484.74609375 31
1752007186885 30458.08984375 32
1752007187357 28664.546875 33
1752007187831 27823.1640625 34
1752007188304 30007.880859375 35
1752007188774 27834.927734375 36
1752007189247 29114.7421875 37
1752007189721 27594.3046875 38
1752007190199 29634.2109375 39
1752007190696 28297.44921875 40
1752007191191 26313.515625 41
1752007191747 31744.552734375 42
1752007192252 27426.40234375 43
1752007192794 31690.2109375 44
1752007193320 27073.71484375 45
1752007193803 29421.990234375 46
1752007194275 30819.2265625 47
1752007194761 29035.1171875 48
1752007195247 30517.578125 49
1752007195724 29140.46875 50
1752007196197 26727.958984375 51
1752007196673 28648.04296875 52
1752007197148 32161.73828125 53
1752007197622 25500.57421875 54
1752007198092 32259.021484375 55
1752007198567 27523.591796875 56
1752007199044 29215.421875 57
1752007199517 29615.28515625 58
1752007199990 30456.91796875 59
1752007200467 27636.9765625 60
1752007200945 28848.8828125 61
1752007201420 26583.78125 62
1752007201893 26566.638671875 63
1752007202367 30036.80859375 64
1752007202840 29386.34765625 65
1752007203313 28451.466796875 66
1752007203786 27711.6171875 67
1752007204259 30589.32421875 68
1752007204733 28926.935546875 69
1752007205205 29357.69921875 70
1752007205679 28165.28515625 71
1752007206150 29587.412109375 72
1752007206626 26306.13671875 73
1752007207122 27292.921875 74
