1752183228672 28831.0234375 1
1752183230371 27976.4140625 2
1752183231574 29698.28125 3
1752183232824 29097.73828125 4
1752183234041 31007.3046875 5
1752183235256 28158.814453125 6
1752183236450 29096.6171875 7
1752183237659 30154.98828125 8
1752183238874 29476.8359375 9
1752183240069 31079.50390625 10
1752183241346 28551.794921875 11
1752183242616 27058.44140625 12
1752183243888 30022.3828125 13
1752183245161 28285.94140625 14
1752183246471 28841.1875 15
1752183247794 28319.48046875 16
1752183249114 28640.87109375 17
1752183250399 26881.359375 18
1752183251694 29534.841796875 19
1752183252996 29297.1875 20
1752183254281 27690.845703125 21
1752183255567 29785.53125 22
1752183256857 27903.6640625 23
1752183258179 28282.630859375 24
1752183259464 29201.642578125 25
1752183260781 31435.501953125 26
1752183262066 29365.3671875 27
1752183263361 28371.333984375 28
1752183264675 29255.671875 29
1752183265999 30076.02734375 30
1752183267310 27460.234375 31
1752183268642 29732.201171875 32
1752183269952 28507.810546875 33
1752183271240 27779.89453125 34
1752183272528 28378.62109375 35
1752183273837 31191.810546875 36
1752183275144 29299.61328125 37
1752183276434 27052.75390625 38
1752183277721 28642.82421875 39
1752183279011 28692.775390625 40
1752183280305 27780.390625 41
1752183281592 28736.998046875 42
1752183282883 26850.572265625 43
1752183284171 29639.748046875 44
1752183285473 29323.853515625 45
1752183286761 28314.50390625 46
1752183288050 27912.7734375 47
1752183289340 27241.591796875 48
1752183290637 28890.3125 49
1752183291944 28861.19921875 50
1752183293266 29714.4609375 51
1752183294587 25860.25 52
1752183295928 26984.89453125 53
1752183297248 30034.62109375 54
1752183298537 31459.890625 55
1752183299824 27858.55859375 56
1752183301116 26582.87890625 57
1752183302408 30958.8125 58
1752183303698 26019.5703125 59
1752183305015 29418.91796875 60
1752183306320 30378.05859375 61
1752183307607 29879.642578125 62
1752183308895 30023.640625 63
1752183310193 30954.34375 64
1752183311502 29035.5390625 65
1752183312792 30811.19140625 66
1752183314083 28092.05078125 67
1752183315384 29442.86328125 68
1752183316691 28259.31640625 69
1752183318008 25982.765625 70
1752183319301 31183.44140625 71
1752183320620 26856.37890625 72
1752183321949 29826.673828125 73
1752183323282 26527.8125 74
1752183324621 26720.76171875 75
1752183325964 29092.474609375 76
1752183327255 29577.693359375 77
1752183328561 27940.84765625 78
1752183329868 30216.41015625 79
1752183331175 26685.953125 80
1752183332483 30748.62109375 81
1752183333787 29651.240234375 82
1752183335097 27291.748046875 83
1752183336405 31787.05078125 84
1752183337693 30197.494140625 85
1752183338980 29349.087890625 86
1752183340271 28736.55078125 87
1752183341562 28232.28515625 88
1752183342861 31733.28125 89
1752183344172 29442.6015625 90
1752183345463 28328.92578125 91
1752183346789 30202.92578125 92
1752183348077 26689.28125 93
1752183349370 28090.47265625 94
1752183350659 31426.732421875 95
1752183351947 29146.205078125 96
1752183353270 28774.0390625 97
1752183354601 29587.1015625 98
1752183355935 25777.07421875 99
1752183357275 31486.896484375 100
1752183358585 26725.07421875 101
1752183359862 29985.115234375 102
1752183361153 27796.232421875 103
1752183362443 27666.15234375 104
1752183363732 29637.759765625 105
1752183365020 31297.80078125 106
1752183366311 29279.3125 107
1752183367620 29052.12890625 108
1752183368920 27140.9375 109
1752183370207 29001.9296875 110
1752183371532 31629.796875 111
1752183372871 30510.47265625 112
1752183374201 31366.998046875 113
1752183375529 29679.8359375 114
1752183376823 28276.865234375 115
1752183378133 26285.390625 116
1752183379426 28397.75 117
1752183380711 29601.703125 118
1752183382051 29765.2421875 119
1752183383374 29790.9453125 120
1752183384648 26232.2265625 121
1752183385959 25140.0 122
1752183387248 27351.28125 123
1752183388543 31364.16796875 124
1752183389849 29144.9921875 125
1752183391131 28956.50390625 126
1752183392399 30017.69921875 127
1752183393660 29556.373046875 128
1752183394961 27768.6171875 129
1752183396251 31288.8203125 130
1752183397526 27504.689453125 131
1752183398804 29478.25 132
1752183400100 29362.04296875 133
1752183401415 29183.74609375 134
1752183402711 28117.08203125 135
1752183404032 28299.48828125 136
1752183405336 30094.859375 137
1752183406638 27920.0390625 138
1752183407969 27187.396484375 139
1752183409291 29802.3359375 140
1752183410606 28415.833984375 141
1752183411926 29057.28515625 142
1752183413260 29706.681640625 143
1752183414586 29248.392578125 144
1752183415909 27702.51171875 145
1752183417258 28068.58203125 146
1752183418573 28216.98828125 147
1752183419856 29165.94921875 148
1752183421183 30683.458984375 149
1752183422496 29224.310546875 150
1752183423807 30457.01171875 151
1752183425121 28011.83203125 152
1752183426433 27856.484375 153
1752183427758 29010.62109375 154
1752183429071 30018.62890625 155
1752183430368 30104.69921875 156
1752183431668 29816.076171875 157
1752183432973 28609.853515625 158
1752183434273 28776.5859375 159
1752183435580 27697.9296875 160
1752183436901 28070.19140625 161
1752183438217 26725.998046875 162
1752183439562 27827.046875 163
1752183440869 31244.56640625 164
1752183442175 26180.44140625 165
1752183443481 29697.20703125 166
1752183444817 28391.34375 167
1752183446160 28315.09765625 168
1752183447497 30376.431640625 169
1752183448822 29248.9453125 170
1752183450127 29355.4296875 171
1752183451429 29226.337890625 172
1752183452733 28860.505859375 173
1752183454058 28888.34765625 174
1752183455367 28885.53125 175
1752183456686 31513.16015625 176
1752183458002 31841.017578125 177
1752183459315 30705.89453125 178
1752183460665 29604.64453125 179
1752183462009 27577.755859375 180
1752183463356 28124.15234375 181
1752183464705 28930.197265625 182
1752183466045 27676.388671875 183
1752183467399 31795.37890625 184
1752183468739 29816.65625 185
1752183470091 29192.177734375 186
1752183471423 29903.63671875 187
1752183472781 26627.927734375 188
1752183474138 29344.484375 189
1752183475496 28163.349609375 190
1752183476851 28003.177734375 191
1752183478189 28854.408203125 192
1752183479529 31418.421875 193
1752183480849 28911.41796875 194
1752183482157 27470.1484375 195
1752183483461 28627.43359375 196
1752183484782 30321.36328125 197
1752183486115 28726.48046875 198
1752183487466 28727.53125 199
1752183488802 27847.369140625 200
1752183490146 29463.474609375 201
1752183491479 27245.271484375 202
1752183492829 30577.71484375 203
1752183494167 27018.1640625 204
1752183495514 28876.8359375 205
1752183496867 28304.171875 206
1752183498209 27606.54296875 207
1752183499543 27449.1953125 208
1752183500875 27598.208984375 209
1752183502220 30010.251953125 210
1752183503545 29018.24609375 211
1752183504887 27244.896484375 212
1752183506246 26950.2421875 213
1752183507580 25404.1640625 214
1752183508911 30597.3828125 215
1752183511810 28319.30078125 216
1752183513251 31194.5703125 217
1752183514780 29255.234375 218
1752183516104 27487.689453125 219
1752183517514 28220.5234375 220
1752183518620 27316.599609375 221
1752183519735 28324.6171875 222
1752183520915 26809.921875 223
1752183521934 30136.294921875 224
1752183522973 29305.673828125 225
1752183523994 30040.880859375 226
1752183525042 27148.791015625 227
1752183526089 30544.79296875 228
1752183527323 27238.083984375 229
1752183528561 28929.17578125 230
1752183529805 29992.3125 231
1752183530979 30686.45703125 232
1752183532132 27894.3125 233
1752183533374 26311.70703125 234
1752183534606 30427.029296875 235
1752183535839 29257.0078125 236
1752183537138 27345.1640625 237
1752183538636 27256.28515625 238
1752183540069 29074.93359375 239
1752183541416 29113.171875 240
1752183542777 26033.5546875 241
1752183544097 28593.22265625 242
1752183545554 28188.890625 243
1752183546997 24538.90234375 244
1752183548469 28700.5390625 245
1752183549672 30180.4296875 246
1752183550832 29477.861328125 247
1752183551996 27696.62890625 248
1752183553076 27538.318359375 249
1752183554182 27917.935546875 250
1752183555344 31114.28515625 251
1752183556489 28413.46875 252
1752183557638 26416.83203125 253
1752183558832 30445.40234375 254
1752183559950 26118.8671875 255
1752183561205 26433.31640625 256
1752183562425 29860.5859375 257
1752183563644 30597.45703125 258
1752183564866 26927.134765625 259
1752183566174 29676.51953125 260
1752183567659 26128.0859375 261
1752183569074 31656.54296875 262
1752183571133 28078.72265625 263
1752183572943 26856.66796875 264
1752183574708 24725.03515625 265
1752183576499 29302.6015625 266
1752183578288 26315.6640625 267
1752183580107 27578.591796875 268
1752183581750 28171.5 269
1752183583437 27327.56640625 270
1752183585108 28386.390625 271
1752183586762 30844.6875 272
1752183588471 28708.09375 273
1752183590136 27755.9140625 274
1752183591782 29975.818359375 275
1752183593439 28268.498046875 276
1752183595061 29791.796875 277
1752183596717 26689.87890625 278
1752183598337 29736.796875 279
1752183599779 30287.97265625 280
1752183601277 28475.453125 281
1752183602720 27101.861328125 282
1752183604085 29607.24609375 283
1752183605487 30943.0234375 284
1752183606767 28164.4609375 285
1752183608072 29940.5859375 286
1752183609356 30642.59375 287
1752183610548 28403.33203125 288
1752183611726 29793.373046875 289
1752183612928 27193.69140625 290
1752183614083 27163.6796875 291
1752183615236 29929.171875 292
1752183616593 28737.30859375 293
1752183617927 29366.52734375 294
1752183619109 28527.01953125 295
1752183620267 28950.765625 296
1752183621420 28940.943359375 297
1752183622704 28079.5234375 298
1752183624079 31859.4140625 299
1752183625368 27048.857421875 300
1752183626663 25695.82421875 301
1752183627962 27711.251953125 302
1752183629353 26984.30859375 303
1752183630720 29372.73046875 304
1752183632087 28593.59375 305
1752183633460 27095.177734375 306
1752183634734 29538.75 307
1752183635974 31132.69921875 308
1752183637371 27560.490234375 309
1752183638669 30895.11328125 310
1752183639856 29846.2578125 311
1752183641250 28776.5703125 312
1752183642601 28558.38671875 313
1752183643860 25987.78125 314
1752183645196 31442.01953125 315
1752183646559 29742.25 316
1752183647961 28515.5859375 317
1752183649186 27116.904296875 318
1752183650452 26472.953125 319
1752183651724 27902.69921875 320
1752183652965 29687.26953125 321
1752183654123 27802.927734375 322
1752183655285 27455.78515625 323
1752183656447 28401.78125 324
1752183657646 26528.02734375 325
1752183658839 29069.162109375 326
1752183660001 29289.21484375 327
1752183661183 28041.73046875 328
1752183662343 27231.654296875 329
1752183663504 29463.12109375 330
1752183664663 28385.69921875 331
1752183665825 27782.0390625 332
1752183666983 30315.6015625 333
1752183668142 25853.19921875 334
1752183669300 31040.0625 335
1752183670457 26779.998046875 336
1752183671616 27606.73828125 337
1752183672790 30542.68359375 338
1752183673980 28436.681640625 339
1752183675220 24938.3359375 340
1752183676446 27606.078125 341
1752183677632 29505.64453125 342
1752183678854 31181.69140625 343
1752183680027 28564.296875 344
1752183681187 28493.73046875 345
1752183682346 28683.41796875 346
1752183683505 26328.078125 347
1752183684671 27791.951171875 348
1752183685831 29661.33203125 349
1752183686990 27597.82421875 350
1752183688151 29200.728515625 351
1752183689310 27914.78515625 352
1752183690471 28848.06640625 353
1752183691632 27181.57421875 354
1752183692847 28905.59765625 355
1752183694195 27244.9921875 356
1752183695384 25017.205078125 357
1752183696542 28497.99609375 358
1752183697703 25854.171875 359
1752183698863 28720.3203125 360
1752183700028 26931.5234375 361
1752183701190 26551.912109375 362
1752183702353 29470.529296875 363
1752183703516 28907.171875 364
1752183704673 25071.12890625 365
1752183705841 24698.48828125 366
1752183707002 28233.78515625 367
1752183708162 26600.6796875 368
1752183709341 27194.6640625 369
1752183710508 26793.83203125 370
1752183711674 27213.984375 371
1752183712834 27434.755859375 372
1752183713998 28172.36328125 373
1752183715166 28944.8125 374
1752183716323 29875.26171875 375
1752183717461 29010.5390625 376
1752183718553 29074.12109375 377
1752183719610 27438.23828125 378
1752183720675 27082.302734375 379
1752183721734 26888.287109375 380
1752183722787 27176.4453125 381
1752183723838 26875.609375 382
1752183724902 28946.7109375 383
1752183725963 25624.234375 384
1752183727029 27413.51953125 385
1752183728097 28505.060546875 386
1752183729209 25587.26953125 387
