1752004484598 31491.541015625 1
1752004485503 29894.763671875 2
1752004486013 30367.701171875 3
1752004486519 26729.36328125 4
1752004487023 29730.294921875 5
1752004487532 27999.203125 6
1752004488039 29487.75 7
1752004488547 28676.474609375 8
1752004489059 27207.693359375 9
1752004489565 26862.294921875 10
1752004490074 27675.259765625 11
1752004490580 29452.818359375 12
1752004491086 31811.853515625 13
1752004491592 27610.255859375 14
1752004492101 26557.8125 15
1752004492606 29478.09375 16
1752004493110 27520.541015625 17
1752004493616 29514.619140625 18
1752004494126 28911.650390625 19
1752004494636 29255.87890625 20
1752004495141 26821.224609375 21
1752004495650 31077.056640625 22
1752004496157 29272.984375 23
1752004496670 28724.80078125 24
1752004497177 30944.42578125 25
1752004497683 30393.5 26
1752004498186 28712.525390625 27
1752004498700 30453.509765625 28
1752004499208 29438.009765625 29
1752004499712 30655.61328125 30
1752004500218 29694.36328125 31
1752004500727 27390.61328125 32
1752004501234 27241.806640625 33
1752004501739 29262.306640625 34
1752004502244 27643.708984375 35
1752004502758 29614.47265625 36
1752004503275 29333.17578125 37
1752004503779 30478.55078125 38
1752004504284 26543.201171875 39
1752004504790 31736.255859375 40
1752004505295 28517.25 41
1752004505815 30355.98828125 42
1752004506322 27520.931640625 43
1752004506832 27806.794921875 44
1752004507337 28484.19140625 45
1752004507843 28903.125 46
1752004508353 31335.31640625 47
1752004508862 28643.78125 48
1752004509367 30666.837890625 49
1752004509875 31422.212890625 50
1752004510381 28993.021484375 51
1752004510905 30280.587890625 52
1752004511416 30554.208984375 53
1752004511921 28868.837890625 54
1752004512431 29933.873046875 55
1752004512939 28378.0 56
1752004513449 29410.349609375 57
1752004513956 26970.724609375 58
1752004514462 26409.34375 59
1752004514972 27870.11328125 60
1752004515480 28531.994140625 61
1752004515984 27774.03125 62
1752004516493 28483.681640625 63
1752004516999 28585.552734375 64
1752004517508 28108.974609375 65
1752004518015 29957.763671875 66
1752004518533 28290.681640625 67
1752004519042 26037.6953125 68
1752004519554 29149.099609375 69
1752004520062 31148.494140625 70
1752004520577 27724.078125 71
1752004521084 26480.412109375 72
1752004521591 28886.650390625 73
1752004522100 28109.513671875 74
1752004522605 29945.94140625 75
1752004523111 30957.685546875 76
1752004523616 28655.576171875 77
1752004524124 30793.75 78
1752004524629 30109.193359375 79
1752004525137 32115.078125 80
1752004525640 28528.748046875 81
1752004526151 27937.01953125 82
1752004526659 28934.12890625 83
1752004527165 29102.162109375 84
1752004527691 29895.21875 85
1752004528221 28619.1875 86
1752004528746 31217.068359375 87
1752004529270 29349.201171875 88
1752004529798 28639.59375 89
1752004530322 27244.841796875 90
1752004530853 24524.994140625 91
1752004531400 28470.056640625 92
1752004532026 29636.0625 93
1752004532625 26811.318359375 94
1752004533190 28095.21875 95
1752004533738 29522.875 96
1752004534248 30467.138671875 97
1752004534777 26550.083984375 98
1752004535317 28627.513671875 99
1752004535853 29686.578125 100
1752004536380 26907.34765625 101
1752004537615 27607.337890625 102
1752004538200 30121.669921875 103
1752004538742 30588.279296875 104
1752004539287 26463.203125 105
1752004539817 30761.015625 106
1752004540350 29452.513671875 107
1752004540870 29902.900390625 108
1752004541401 27766.34375 109
1752004541925 29203.76953125 110
1752004542460 30270.875 111
1752004543009 26518.916015625 112
1752004543556 29512.166015625 113
1752004544103 27298.884765625 114
1752004544665 30255.357421875 115
1752004545226 29252.822265625 116
1752004545794 29680.53125 117
1752004546330 26753.513671875 118
1752004546887 27546.107421875 119
1752004547444 26441.404296875 120
1752004547978 30462.630859375 121
1752004548513 29590.625 122
1752004549051 29491.837890625 123
1752004549587 29168.451171875 124
1752004550124 31462.322265625 125
1752004550659 28414.484375 126
1752004551225 28977.40625 127
1752004551773 30118.599609375 128
1752004552330 30678.458984375 129
1752004552888 28352.375 130
1752004553423 30297.853515625 131
1752004553960 30137.244140625 132
1752004554495 28471.34765625 133
1752004555052 30486.59765625 134
1752004555611 28443.775390625 135
1752004556163 25764.630859375 136
1752004556705 30547.25 137
1752004557241 30489.310546875 138
1752004557777 28346.263671875 139
1752004558314 30687.306640625 140
1752004558848 28401.091796875 141
1752004559383 29963.20703125 142
1752004559919 29098.076171875 143
1752004560460 30300.58203125 144
1752004560998 27116.400390625 145
1752004561534 30401.435546875 146
1752004562076 30366.9375 147
1752004562616 26491.59375 148
1752004563158 30233.279296875 149
1752004563696 28139.169921875 150
1752004564233 28411.75390625 151
1752004564769 26794.91015625 152
1752004565307 28735.36328125 153
1752004565843 30026.291015625 154
1752004566385 29855.697265625 155
1752004566919 28367.357421875 156
1752004567458 28069.646484375 157
1752004567993 29537.05078125 158
1752004568530 29490.181640625 159
1752004569066 28628.498046875 160
1752004569603 27482.771484375 161
1752004570137 28991.076171875 162
1752004570676 27860.86328125 163
1752004571214 29952.818359375 164
1752004571751 28051.556640625 165
1752004572289 26271.556640625 166
1752004572824 29059.447265625 167
1752004573357 29234.951171875 168
1752004573893 26944.87890625 169
1752004574432 28327.857421875 170
1752004574972 30370.78125 171
1752004575528 27411.26953125 172
1752004576066 28956.576171875 173
1752004576601 26995.72265625 174
1752004577180 28936.951171875 175
1752004577748 27663.583984375 176
1752004578285 29943.005859375 177
1752004578837 29940.76953125 178
1752004579373 30229.61328125 179
1752004579912 26880.326171875 180
1752004580449 28403.990234375 181
1752004580988 29621.40625 182
1752004581525 30327.703125 183
1752004582062 29727.12890625 184
1752004582600 27954.193359375 185
1752004583137 29203.056640625 186
1752004583673 28257.00390625 187
1752004584208 26803.896484375 188
1752004584748 28835.11328125 189
1752004585286 29280.72265625 190
1752004585822 27120.212890625 191
1752004586360 28102.01953125 192
1752004586895 29706.19140625 193
1752004587426 29196.55078125 194
1752004587968 29131.306640625 195
1752004588505 29264.138671875 196
1752004589042 27490.169921875 197
1752004589579 28202.822265625 198
1752004590112 28454.89453125 199
1752004590651 30666.794921875 200
1752004591189 28965.69140625 201
1752004592466 30801.06640625 202
1752004593000 30518.375 203
1752004593537 27630.490234375 204
1752004594077 26807.92578125 205
1752004594613 28869.212890625 206
1752004595152 26710.703125 207
1752004595690 30202.849609375 208
1752004596230 29168.837890625 209
1752004596767 28642.58203125 210
1752004597310 26475.716796875 211
1752004597863 31061.30078125 212
1752004598410 27085.853515625 213
1752004598960 29634.84375 214
1752004599496 29580.818359375 215
1752004600034 29835.763671875 216
1752004600570 30454.66015625 217
1752004601107 26664.92578125 218
1752004601645 26792.150390625 219
1752004602180 29647.728515625 220
1752004602714 27968.75 221
1752004603250 28531.947265625 222
1752004603784 27587.529296875 223
1752004604319 28856.802734375 224
1752004604855 27778.388671875 225
1752004605393 27003.724609375 226
1752004605928 29385.75 227
1752004606462 29404.185546875 228
1752004606998 31932.634765625 229
1752004607533 28368.48828125 230
1752004608069 27357.650390625 231
1752004608603 30422.099609375 232
1752004609140 29582.443359375 233
1752004609680 26540.5625 234
1752004610215 29684.912109375 235
1752004610750 29691.259765625 236
1752004611284 29786.76953125 237
1752004611818 28576.494140625 238
1752004612354 30505.974609375 239
1752004612890 30321.447265625 240
1752004613429 27016.0 241
1752004613963 30297.650390625 242
1752004614499 28831.359375 243
1752004615033 29346.1875 244
1752004615569 27850.53515625 245
1752004616105 27659.03125 246
1752004616642 28424.619140625 247
1752004617179 26831.14453125 248
1752004617717 27159.80078125 249
1752004618253 29683.212890625 250
1752004618786 26238.787109375 251
1752004619326 27243.025390625 252
1752004619863 27001.72265625 253
1752004620401 30138.166015625 254
1752004620940 28059.59375 255
1752004621476 27914.380859375 256
1752004622012 26749.396484375 257
1752004622547 28937.73828125 258
1752004623085 27595.201171875 259
1752004623622 25763.373046875 260
1752004624158 28955.53125 261
1752004624695 28181.302734375 262
1752004625233 28627.513671875 263
1752004625768 27796.62890625 264
1752004626304 30979.712890625 265
1752004626842 27253.45703125 266
1752004627375 29210.083984375 267
1752004627910 28767.224609375 268
1752004628445 28948.96875 269
1752004628985 25328.53515625 270
1752004629523 27095.01953125 271
1752004630062 26334.041015625 272
1752004630595 28891.375 273
1752004631132 30996.45703125 274
1752004631667 25213.328125 275
1752004632229 27284.42578125 276
1752004632795 27870.546875 277
1752004633369 27531.791015625 278
1752004633946 29705.193359375 279
1752004634504 29400.412109375 280
1752004635058 28096.72265625 281
1752004635606 27168.859375 282
1752004636157 29070.978515625 283
1752004636715 26761.900390625 284
1752004637261 28914.576171875 285
1752004637817 29877.75390625 286
1752004638375 29416.125 287
1752004638920 25767.013671875 288
1752004639484 28012.900390625 289
1752004640048 29551.671875 290
1752004640593 29239.81640625 291
1752004641133 26624.779296875 292
1752004641682 28612.525390625 293
1752004642224 28546.263671875 294
1752004642768 29236.796875 295
1752004643309 26639.14453125 296
1752004643867 28277.46875 297
1752004644422 29470.982421875 298
1752004644971 27376.462890625 299
1752004645512 28162.33203125 300
1752004646052 28146.625 301
1752004647461 28376.84375 302
1752004648004 27780.966796875 303
1752004648541 26795.373046875 304
1752004649068 28162.89453125 305
1752004649615 26050.43359375 306
1752004650166 30298.091796875 307
1752004650714 28725.08203125 308
1752004651266 26723.65625 309
1752004651810 28408.865234375 310
1752004652362 28545.15625 311
1752004652920 26120.412109375 312
1752004653465 28183.67578125 313
1752004654007 27062.15625 314
1752004654556 28621.31640625 315
1752004655108 27909.947265625 316
1752004655655 27922.224609375 317
1752004656193 29085.701171875 318
1752004656739 26473.890625 319
1752004657300 29070.701171875 320
1752004657854 25555.287109375 321
1752004658391 27138.46875 322
1752004658927 28651.150390625 323
1752004659483 27725.625 324
1752004660031 28030.412109375 325
1752004660571 30633.5625 326
1752004661108 28377.71875 327
1752004661653 30819.009765625 328
1752004662201 26590.20703125 329
1752004662741 27219.58203125 330
1752004663285 27520.912109375 331
1752004663827 26331.66015625 332
1752004664374 27102.287109375 333
1752004664915 28475.576171875 334
1752004665458 30600.326171875 335
1752004666020 29304.287109375 336
1752004666562 29246.341796875 337
1752004667105 30333.169921875 338
1752004667650 28427.482421875 339
1752004668195 29012.365234375 340
1752004668735 26969.1875 341
1752004669273 25505.619140625 342
1752004669812 25991.91796875 343
1752004670354 29168.341796875 344
1752004670892 26493.5 345
1752004671440 30660.685546875 346
1752004671985 28202.5625 347
1752004672522 24605.59375 348
1752004673062 28817.025390625 349
1752004673592 26579.61328125 350
1752004674123 28907.78125 351
1752004674654 28006.12890625 352
1752004675185 25884.017578125 353
1752004675716 26932.296875 354
1752004676245 28659.787109375 355
1752004676775 26998.5625 356
1752004677365 29609.990234375 357
1752004677902 26536.443359375 358
1752004678445 28458.787109375 359
1752004678991 31225.888671875 360
1752004679526 27562.669921875 361
1752004680065 26776.275390625 362
1752004680602 28555.896484375 363
1752004681170 26353.693359375 364
1752004681722 31690.912109375 365
1752004682261 26807.96875 366
1752004682795 28884.076171875 367
1752004683325 28625.650390625 368
1752004683888 27469.822265625 369
1752004684444 28173.96875 370
1752004684999 28722.078125 371
1752004685555 26930.185546875 372
1752004686116 29328.357421875 373
1752004686666 30011.623046875 374
1752004687229 28929.427734375 375
1752004687787 27176.380859375 376
1752004688340 29525.65625 377
1752004688887 24732.576171875 378
1752004689425 28923.482421875 379
1752004689963 27837.328125 380
1752004690506 29598.904296875 381
1752004691044 26319.560546875 382
1752004691586 29684.833984375 383
1752004692126 25859.484375 384
1752004692667 28632.90625 385
1752004693215 26739.994140625 386
1752004693760 26697.208984375 387
1752004694316 29362.90625 388
1752004694873 27468.759765625 389
1752004695434 27383.537109375 390
1752004695985 27812.400390625 391
1752004696534 24411.59375 392
1752004697080 29882.994140625 393
1752004697644 27528.138671875 394
1752004698192 26278.615234375 395
1752004698746 28104.451171875 396
1752004699282 27073.884765625 397
1752004699817 26676.857421875 398
1752004700350 29151.828125 399
1752004700886 27921.765625 400
1752004701420 26108.810546875 401
1752004702822 30618.794921875 402
1752004703358 29491.67578125 403
1752004703893 27701.224609375 404
1752004704431 25767.0703125 405
1752004704968 28919.61328125 406
1752004705504 26791.013671875 407
1752004706049 26927.765625 408
1752004706589 29216.34765625 409
1752004707122 25010.287109375 410
1752004707660 29362.912109375 411
1752004708199 27691.513671875 412
1752004708752 27173.67578125 413
1752004709290 27719.59375 414
1752004709863 26376.693359375 415
1752004710398 27623.287109375 416
1752004710935 28195.912109375 417
1752004711470 26649.71875 418
1752004712009 27120.08203125 419
1752004712546 27493.466796875 420
1752004713105 28465.068359375 421
1752004713644 26826.806640625 422
1752004714181 29218.787109375 423
1752004714718 28058.11328125 424
1752004715254 25920.875 425
1752004715788 27951.552734375 426
1752004716323 27751.990234375 427
1752004716863 27537.078125 428
1752004717398 28331.39453125 429
1752004717931 27971.171875 430
1752004718470 26854.638671875 431
1752004719003 24841.115234375 432
1752004719541 27145.037109375 433
1752004720076 28446.380859375 434
1752004720615 25382.337890625 435
1752004721152 28567.34375 436
1752004721695 25823.724609375 437
1752004722230 26582.732421875 438
1752004722781 30326.39453125 439
1752004723316 28896.494140625 440
1752004723855 28237.787109375 441
1752004724405 29004.19140625 442
1752004724940 28168.59375 443
1752004725482 27831.849609375 444
1752004726039 26656.076171875 445
1752004726573 24948.669921875 446
1752004727128 24979.01171875 447
1752004727673 23889.232421875 448
1752004728218 28608.435546875 449
1752004728773 27154.06640625 450
1752004729310 28982.47265625 451
1752004729846 28283.66015625 452
1752004730384 26348.294921875 453
1752004730919 27138.583984375 454
1752004731460 27524.943359375 455
1752004731999 27061.703125 456
1752004732535 26715.494140625 457
1752004733072 26960.693359375 458
1752004733608 26314.5625 459
1752004734140 28294.130859375 460
1752004734678 26813.849609375 461
1752004735216 29024.244140625 462
1752004735754 26651.576171875 463
1752004736289 26302.884765625 464
1752004736825 27155.671875 465
1752004737380 28978.572265625 466
1752004737936 26314.935546875 467
1752004738472 27778.75 468
1752004739006 27655.431640625 469
1752004739543 24680.71484375 470
1752004740099 27634.23828125 471
1752004740663 27741.021484375 472
1752004741214 28048.09765625 473
1752004741755 28579.951171875 474
1752004742308 31029.873046875 475
1752004742874 25592.267578125 476
1752004743412 25840.8828125 477
1752004743946 26528.857421875 478
1752004744483 24779.125 479
1752004745017 29526.72265625 480
1752004745574 28721.4375 481
1752004746108 26327.181640625 482
1752004746644 27322.513671875 483
1752004747178 24135.025390625 484
1752004747712 28172.640625 485
1752004748250 23785.62890625 486
1752004748786 25841.041015625 487
1752004749323 29421.353515625 488
1752004749880 26314.072265625 489
1752004750414 27265.837890625 490
1752004750954 26927.169921875 491
1752004751492 27947.98828125 492
1752004752030 28591.005859375 493
1752004752565 28480.5625 494
1752004753104 26142.91796875 495
1752004753652 28268.69140625 496
1752004754209 26978.994140625 497
1752004754734 29190.962890625 498
1752004755271 27807.70703125 499
1752004755806 26090.771484375 500
1752004756342 27616.19140625 501
1752004757737 25094.927734375 502
1752004758277 26018.951171875 503
1752004758813 26558.671875 504
1752004759348 27011.09765625 505
1752004759887 27973.134765625 506
1752004760427 27725.068359375 507
1752004760964 29228.9375 508
1752004761500 24720.603515625 509
1752004762037 27149.451171875 510
1752004762566 23616.810546875 511
1752004763108 28535.39453125 512
1752004763647 24129.681640625 513
1752004764207 27872.98828125 514
1752004764755 25359.412109375 515
1752004765311 24033.1796875 516
1752004765848 27208.037109375 517
1752004766386 27708.521484375 518
1752004766924 26699.791015625 519
1752004767459 27138.107421875 520
1752004767997 23106.568359375 521
1752004768535 25034.08203125 522
1752004769073 26270.810546875 523
1752004769616 27504.201171875 524
1752004770168 28309.697265625 525
1752004770704 26403.01953125 526
1752004771239 26633.919921875 527
1752004771777 23652.4453125 528
1752004772313 28587.59765625 529
1752004772850 24307.228515625 530
1752004773386 26773.25 531
1752004773926 27520.818359375 532
1752004774484 28892.1875 533
1752004775044 27846.212890625 534
1752004775595 28219.638671875 535
1752004776123 24927.568359375 536
1752004776664 27515.708984375 537
1752004777208 29299.537109375 538
1752004777755 25139.34375 539
1752004778314 25400.68359375 540
1752004778855 24622.85546875 541
1752004779400 26185.822265625 542
1752004779941 24603.109375 543
1752004780471 24861.509765625 544
1752004781020 25365.498046875 545
1752004781548 28612.01953125 546
1752004782082 25082.544921875 547
1752004782609 26151.537109375 548
1752004783137 25016.78515625 549
1752004783666 24307.17578125 550
1752004784196 27544.48828125 551
1752004784726 29068.11328125 552
1752004785254 24294.7421875 553
1752004785787 24262.771484375 554
1752004786317 28488.619140625 555
1752004786848 25818.96484375 556
1752004787378 26201.330078125 557
1752004787908 24561.287109375 558
1752004788441 28021.021484375 559
1752004788979 25604.896484375 560
1752004789508 27260.587890625 561
1752004790037 27890.95703125 562
1752004790566 23964.1875 563
1752004791094 27795.09765625 564
1752004791623 26922.70703125 565
1752004792152 25431.37890625 566
1752004792681 25482.732421875 567
1752004793210 26325.154296875 568
1752004793738 26184.390625 569
1752004794268 22632.091796875 570
1752004794800 28854.640625 571
1752004795331 26049.998046875 572
1752004795863 22082.025390625 573
1752004796392 27366.951171875 574
1752004796917 27292.55078125 575
1752004797447 26570.42578125 576
1752004797980 26558.78125 577
1752004798509 26263.021484375 578
1752004799039 27697.505859375 579
1752004799571 27661.650390625 580
1752004800101 27685.810546875 581
1752004800632 23961.857421875 582
1752004801163 27222.099609375 583
1752004801692 25135.263671875 584
1752004802221 29279.224609375 585
1752004802753 29041.826171875 586
1752004803283 24359.041015625 587
1752004803810 27282.271484375 588
1752004804343 25535.375 589
1752004804883 26982.48828125 590
1752004805412 26332.71875 591
1752004805942 26893.70703125 592
1752004806469 24483.904296875 593
1752004807001 21923.69140625 594
1752004807530 27764.81640625 595
1752004808059 25501.55859375 596
1752004808597 25348.591796875 597
1752004809152 25246.00390625 598
1752004809689 25389.95703125 599
1752004810221 23053.40625 600
1752004810762 26584.546875 601
1752004812013 27869.025390625 602
1752004812549 22529.90625 603
1752004813085 25015.685546875 604
1752004813628 25494.609375 605
1752004814168 27209.169921875 606
1752004814673 23732.912109375 607
1752004815197 23375.130859375 608
1752004815703 27459.201171875 609
1752004816206 25269.716796875 610
1752004816711 27535.201171875 611
1752004817217 28501.388671875 612
1752004817725 24487.626953125 613
1752004818228 26811.490234375 614
1752004818735 25510.7890625 615
1752004819238 25589.712890625 616
1752004819741 24603.513671875 617
1752004820246 25403.724609375 618
1752004820752 24341.15625 619
1752004821270 24935.474609375 620
1752004821786 26288.375 621
1752004822313 23902.87890625 622
1752004822835 28110.458984375 623
1752004823364 24456.97265625 624
1752004823868 23760.037109375 625
1752004824373 25841.5546875 626
1752004824876 27279.40625 627
1752004825396 22538.669921875 628
1752004825908 25404.255859375 629
1752004826416 23863.888671875 630
1752004826920 23191.373046875 631
1752004827424 25323.537109375 632
1752004827929 20706.98046875 633
1752004828432 22923.521484375 634
1752004828932 23823.34375 635
1752004829442 26658.150390625 636
1752004829947 23626.212890625 637
1752004830450 24402.400390625 638
1752004830958 25057.484375 639
1752004831464 23070.943359375 640
1752004831974 23727.48828125 641
1752004832480 24988.83203125 642
1752004833068 25961.568359375 643
1752004833573 21461.888671875 644
1752004834082 23915.990234375 645
1752004834585 25224.482421875 646
1752004835089 27497.89453125 647
1752004835590 24985.921875 648
1752004836093 24593.697265625 649
1752004836604 22924.734375 650
1752004837107 25547.875 651
1752004837610 25420.875 652
1752004838116 24421.90625 653
1752004838619 24672.478515625 654
1752004839128 25219.869140625 655
1752004839631 24049.650390625 656
1752004840153 26015.857421875 657
1752004840654 24664.529296875 658
1752004841159 25964.263671875 659
1752004841663 24829.912109375 660
1752004842170 26447.654296875 661
1752004842674 22272.38671875 662
1752004843176 25058.115234375 663
1752004843684 26732.015625 664
1752004844192 27766.884765625 665
1752004844700 24137.30859375 666
1752004845207 24086.982421875 667
1752004845712 20527.953125 668
1752004846234 24229.810546875 669
1752004846739 22938.29296875 670
1752004847246 21124.908203125 671
1752004847754 27055.322265625 672
1752004848257 22159.83984375 673
1752004848762 25594.771484375 674
1752004849270 23616.6953125 675
1752004849783 29320.763671875 676
1752004850295 23249.904296875 677
1752004850801 24886.365234375 678
1752004851328 25257.55078125 679
1752004851855 24857.904296875 680
1752004852379 26109.841796875 681
1752004852887 23785.822265625 682
1752004853392 25327.927734375 683
1752004853893 26940.14453125 684
1752004854407 25701.98828125 685
1752004854925 25320.763671875 686
1752004855445 22832.271484375 687
1752004855967 26038.17578125 688
1752004856494 27961.263671875 689
1752004857057 21276.013671875 690
1752004857624 24115.6953125 691
1752004858168 22991.927734375 692
1752004858702 23453.390625 693
1752004859231 26137.216796875 694
1752004859763 23685.255859375 695
1752004860295 22049.685546875 696
1752004860829 26017.75390625 697
1752004861367 28176.244140625 698
1752004861898 23296.34765625 699
1752004862430 26834.716796875 700
1752004862962 22740.859375 701
1752004864131 25112.248046875 702
1752004864660 24374.6484375 703
1752004865192 22505.03515625 704
1752004865721 24338.18359375 705
1752004866251 24444.849609375 706
1752004866783 24053.751953125 707
1752004867318 25788.11328125 708
1752004867852 21805.953125 709
1752004868383 24247.40625 710
1752004868915 25387.34375 711
1752004869445 24084.208984375 712
1752004869980 26520.421875 713
1752004870511 25478.1484375 714
1752004871044 20823.0 715
1752004871577 22248.755859375 716
1752004872108 25695.578125 717
1752004872639 23138.802734375 718
1752004873173 24606.31640625 719
1752004873707 26565.125 720
1752004874240 26801.162109375 721
1752004874771 25272.060546875 722
1752004875302 22947.794921875 723
1752004875834 24047.396484375 724
1752004876363 25634.578125 725
1752004876894 24937.607421875 726
1752004877423 25383.498046875 727
1752004877956 25004.5390625 728
1752004878488 26385.109375 729
1752004879022 27572.72265625 730
1752004879554 22067.609375 731
1752004880123 28050.98828125 732
1752004880701 22660.408203125 733
1752004881258 26077.966796875 734
1752004881794 23483.19140625 735
1752004882365 22967.703125 736
1752004882923 24076.37890625 737
1752004883490 23723.46484375 738
1752004884024 24984.701171875 739
1752004884576 23162.48828125 740
1752004885105 22861.615234375 741
1752004885664 23230.068359375 742
1752004886226 24603.09375 743
1752004886785 24014.623046875 744
1752004887355 25002.771484375 745
1752004887914 27693.509765625 746
1752004888483 25682.0 747
1752004889045 25524.255859375 748
1752004889601 23706.986328125 749
1752004890143 20626.9765625 750
1752004890686 21640.326171875 751
1752004891239 27040.5 752
1752004891784 26471.556640625 753
1752004892324 27534.435546875 754
1752004892872 24895.373046875 755
1752004893419 23977.9765625 756
1752004893963 25019.966796875 757
1752004894504 26520.546875 758
1752004895049 26399.55078125 759
1752004895590 22588.11328125 760
1752004896133 24261.810546875 761
1752004896681 21620.15625 762
1752004897231 22283.673828125 763
1752004897775 25069.494140625 764
1752004898319 26404.166015625 765
1752004898865 24583.359375 766
1752004899408 26539.556640625 767
1752004899952 23166.044921875 768
1752004900493 25748.509765625 769
1752004901037 23847.79296875 770
1752004901582 24514.36328125 771
1752004902127 22298.892578125 772
1752004902670 24456.669921875 773
1752004903212 26020.716796875 774
1752004903756 24664.177734375 775
1752004904299 26311.6875 776
1752004904842 24965.935546875 777
1752004905384 23609.603515625 778
1752004905928 26365.419921875 779
1752004906491 24321.830078125 780
1752004907035 25828.59375 781
1752004907584 26022.400390625 782
1752004908130 24271.763671875 783
1752004908678 19986.572265625 784
1752004909220 26639.990234375 785
1752004909760 24786.37890625 786
1752004910304 24705.87890625 787
1752004910849 21891.435546875 788
1752004911395 22948.263671875 789
1752004911966 23285.33203125 790
1752004912510 22516.43359375 791
1752004913053 25547.052734375 792
1752004913598 23623.3125 793
1752004914139 22782.62890625 794
1752004914703 24455.451171875 795
1752004915245 23860.900390625 796
1752004915785 23942.208984375 797
1752004916327 27814.44140625 798
1752004916872 23914.083984375 799
1752004917417 24972.685546875 800
1752004917954 21822.951171875 801
1752004919209 23845.259765625 802
1752004919754 24769.29296875 803
1752004920296 23842.818359375 804
1752004920841 21595.357421875 805
1752004921382 25249.89453125 806
1752004921948 27247.71875 807
1752004922493 23548.76953125 808
1752004923034 24885.435546875 809
1752004923579 21829.07421875 810
1752004924126 25431.224609375 811
1752004924669 17690.72265625 812
1752004925213 20645.951171875 813
1752004925755 22400.837890625 814
1752004926302 24307.63671875 815
1752004926840 26808.560546875 816
1752004927388 24060.912109375 817
1752004927930 22162.865234375 818
1752004928472 22730.955078125 819
1752004929008 20668.75390625 820
1752004929538 24048.115234375 821
1752004930067 24255.51953125 822
1752004930598 23225.5703125 823
1752004931128 20579.103515625 824
1752004931657 26497.076171875 825
1752004932187 24827.892578125 826
1752004932750 25185.01953125 827
1752004933289 26626.296875 828
1752004933831 20012.78515625 829
1752004934367 18035.341796875 830
1752004934903 24046.443359375 831
1752004935436 22794.533203125 832
1752004935965 21132.728515625 833
1752004936496 22032.951171875 834
1752004937027 21848.74609375 835
1752004937555 22188.681640625 836
1752004938085 24890.958984375 837
1752004938635 23479.255859375 838
1752004939177 27160.123046875 839
1752004939732 21752.095703125 840
1752004940284 22015.927734375 841
1752004940845 18814.287109375 842
1752004941392 25233.98828125 843
1752004941950 23174.75 844
1752004942494 24738.365234375 845
1752004943027 22263.482421875 846
1752004943585 20231.99609375 847
1752004944127 25736.46484375 848
1752004944667 20795.755859375 849
1752004945208 24543.552734375 850
1752004945742 22975.626953125 851
1752004946291 25261.853515625 852
1752004946867 22432.900390625 853
1752004947435 23340.05078125 854
1752004947983 21710.197265625 855
1752004948513 25159.421875 856
1752004949061 22469.86328125 857
1752004949595 24471.287109375 858
1752004950126 21212.240234375 859
1752004950654 22708.33984375 860
1752004951185 25489.162109375 861
1752004951716 26801.201171875 862
1752004952247 25847.05859375 863
1752004952778 18918.552734375 864
1752004953330 24787.669921875 865
1752004953887 24256.806640625 866
1752004954416 21744.451171875 867
1752004954945 23281.0546875 868
1752004955474 25716.08984375 869
1752004956004 23326.48828125 870
1752004956534 22738.1796875 871
1752004957062 19864.96484375 872
1752004957593 23321.595703125 873
1752004958124 24611.333984375 874
1752004958653 24836.162109375 875
1752004959184 22515.443359375 876
1752004959712 18550.068359375 877
1752004960241 21270.650390625 878
1752004960770 23770.814453125 879
1752004961298 23987.734375 880
1752004961825 23563.921875 881
1752004962364 22300.390625 882
1752004962920 22409.08203125 883
1752004963464 21895.89453125 884
1752004963999 26377.962890625 885
1752004964533 24028.0859375 886
1752004965065 22041.22265625 887
1752004965602 21559.384765625 888
1752004966143 24024.177734375 889
1752004966712 18380.552734375 890
1752004967254 22716.603515625 891
1752004967789 17729.982421875 892
1752004968320 24898.013671875 893
1752004968852 22537.080078125 894
1752004969380 22463.4375 895
1752004969910 21456.255859375 896
1752004970440 18205.306640625 897
1752004970969 16207.140625 898
1752004971500 21564.521484375 899
1752004972030 19027.244140625 900
1752004972561 23650.75390625 901
1752004973780 21609.228515625 902
1752004974325 26440.1875 903
1752004974855 23114.86328125 904
1752004975387 18707.2109375 905
1752004975941 25009.75390625 906
1752004976469 16582.953125 907
1752004977000 19337.671875 908
1752004977529 23312.36328125 909
1752004978059 20124.408203125 910
1752004978610 20059.55078125 911
1752004979144 21950.826171875 912
1752004979697 18873.076171875 913
1752004980248 21169.5546875 914
1752004980803 25862.541015625 915
1752004981333 23436.083984375 916
1752004981863 23811.412109375 917
1752004982396 21229.705078125 918
1752004982927 24602.287109375 919
1752004983479 25352.927734375 920
1752004984030 18989.3203125 921
1752004984583 24419.546875 922
1752004985133 25395.494140625 923
1752004985689 23770.857421875 924
1752004986236 21072.724609375 925
1752004986788 22405.484375 926
1752004987515 24428.541015625 927
1752004988240 23686.380859375 928
1752004988850 20564.544921875 929
1752004989382 19105.203125 930
1752004989919 22673.826171875 931
1752004990453 24011.640625 932
1752004990991 18466.94921875 933
1752004991525 23272.244140625 934
1752004992063 20499.505859375 935
1752004992596 21626.556640625 936
1752004993133 23222.53515625 937
1752004993665 20538.935546875 938
1752004994196 24105.08984375 939
1752004994729 19695.77734375 940
1752004995251 24672.029296875 941
1752004995785 20755.373046875 942
1752004996343 21794.427734375 943
1752004996890 21419.3984375 944
1752004997450 22427.71484375 945
1752004998005 21666.912109375 946
1752004998551 20014.568359375 947
1752004999101 23879.08203125 948
1752004999650 24731.501953125 949
1752005000209 22044.103515625 950
1752005000892 21812.279296875 951
1752005001527 22675.578125 952
1752005002169 24435.259765625 953
1752005002823 19365.98828125 954
1752005003385 20193.693359375 955
1752005003916 22969.31640625 956
1752005004449 23976.9140625 957
1752005004979 22347.92578125 958
1752005005513 24265.24609375 959
1752005006043 18338.03125 960
1752005006575 20383.146484375 961
1752005007102 22332.310546875 962
1752005007631 21292.44140625 963
1752005008161 20745.232421875 964
1752005008695 20528.02734375 965
1752005009225 22102.435546875 966
1752005009754 21006.841796875 967
1752005010286 23635.4375 968
1752005010817 22400.013671875 969
1752005011348 19451.140625 970
1752005011878 17534.482421875 971
1752005012408 20409.59765625 972
1752005012937 22673.45703125 973
1752005013466 23236.701171875 974
1752005013997 18249.59765625 975
1752005014556 20635.365234375 976
1752005015079 20803.77734375 977
1752005015607 21980.59375 978
1752005016136 23708.263671875 979
1752005016664 22317.697265625 980
1752005017194 20067.859375 981
1752005017726 21238.421875 982
1752005018255 18647.50390625 983
1752005018784 20818.25 984
1752005019315 24128.6484375 985
1752005019844 22843.16015625 986
1752005020376 18002.80078125 987
1752005020908 22523.248046875 988
1752005021437 24455.880859375 989
1752005021979 19284.96875 990
1752005022508 22533.09375 991
1752005023037 21351.15234375 992
1752005023566 20303.23828125 993
1752005024093 20030.890625 994
1752005024623 24712.484375 995
1752005025152 22701.083984375 996
1752005025681 20430.267578125 997
1752005026212 19649.921875 998
1752005026740 21551.8125 999
1752005027244 19072.638671875 1000
1752005027773 18078.921875 1001
1752005028974 23808.005859375 1002
1752005029503 23388.63671875 1003
1752005030032 22122.189453125 1004
1752005030560 21455.818359375 1005
1752005031088 21121.82421875 1006
1752005031618 19926.244140625 1007
1752005032147 22875.763671875 1008
1752005032677 17216.662109375 1009
1752005033209 20142.279296875 1010
1752005033751 21624.44140625 1011
1752005034295 23293.326171875 1012
1752005034892 21598.169921875 1013
1752005035524 17901.482421875 1014
1752005036173 22729.513671875 1015
1752005036755 23849.451171875 1016
1752005037335 22534.123046875 1017
1752005037879 21910.357421875 1018
1752005038425 19990.486328125 1019
1752005038958 20488.95703125 1020
1752005039503 20399.38671875 1021
1752005040063 21425.107421875 1022
1752005040597 21961.59375 1023
1752005041128 19812.513671875 1024
1752005041659 25489.66796875 1025
1752005042190 19787.46875 1026
1752005042725 21532.279296875 1027
1752005043256 22167.109375 1028
1752005043784 19883.810546875 1029
1752005044314 17450.259765625 1030
1752005044843 20884.64453125 1031
1752005045372 20706.908203125 1032
1752005045901 19349.291015625 1033
1752005046431 20973.646484375 1034
1752005046962 21741.3203125 1035
1752005047491 22212.583984375 1036
1752005048022 23311.154296875 1037
1752005048552 21717.138671875 1038
1752005049084 16802.638671875 1039
1752005049614 22986.54296875 1040
1752005050147 20633.97265625 1041
1752005050681 19648.76953125 1042
1752005051228 23038.90625 1043
1752005051759 21107.58984375 1044
1752005052290 21417.619140625 1045
1752005052826 21228.591796875 1046
1752005053356 21118.19921875 1047
1752005053884 19765.341796875 1048
1752005054413 18487.232421875 1049
1752005054921 17150.8515625 1050
1752005055449 20673.078125 1051
1752005055980 20325.265625 1052
1752005056510 23578.4375 1053
1752005057039 19438.185546875 1054
1752005057568 20487.923828125 1055
1752005058093 21157.98046875 1056
1752005058622 22811.57421875 1057
1752005059152 21359.978515625 1058
1752005059682 22917.970703125 1059
1752005060215 21120.490234375 1060
1752005060745 18583.154296875 1061
1752005061276 19766.689453125 1062
1752005061806 22460.015625 1063
1752005062336 20048.255859375 1064
1752005062863 22679.62109375 1065
1752005063394 21980.53515625 1066
1752005063925 22419.46875 1067
1752005064456 21461.34375 1068
1752005064989 18531.734375 1069
1752005065519 22514.375 1070
1752005066050 21842.22265625 1071
1752005066579 21562.427734375 1072
1752005067108 18585.712890625 1073
1752005067638 18418.091796875 1074
1752005068169 20969.55078125 1075
1752005068701 21398.177734375 1076
1752005069230 18359.34375 1077
1752005069763 22177.763671875 1078
1752005070297 22713.7578125 1079
1752005070831 22569.76953125 1080
1752005071369 18802.234375 1081
1752005071899 20652.76953125 1082
1752005072429 17176.78515625 1083
1752005072961 18616.169921875 1084
1752005073492 20423.833984375 1085
1752005074023 20395.216796875 1086
1752005074558 18477.849609375 1087
1752005075110 21735.7578125 1088
1752005075643 20654.626953125 1089
1752005076175 19340.193359375 1090
1752005076707 22671.712890625 1091
1752005077238 20959.9140625 1092
1752005077771 19580.099609375 1093
1752005078304 20227.66796875 1094
1752005078836 19886.212890625 1095
1752005079365 19006.04296875 1096
1752005079895 20862.203125 1097
1752005080425 20097.12890625 1098
1752005080955 23356.2734375 1099
1752005081485 21906.599609375 1100
1752005082015 19835.107421875 1101
1752005083330 17234.900390625 1102
1752005083860 18259.90625 1103
1752005084391 20458.162109375 1104
1752005084927 16538.712890625 1105
1752005085472 22167.341796875 1106
1752005086008 19032.146484375 1107
1752005086550 21340.78125 1108
1752005087095 22474.46484375 1109
1752005087628 21691.712890625 1110
1752005088151 19734.857421875 1111
1752005088682 19212.630859375 1112
1752005089210 24425.8984375 1113
1752005089738 20174.779296875 1114
1752005090272 18508.115234375 1115
1752005090803 18259.275390625 1116
1752005091332 19610.431640625 1117
1752005091865 23078.798828125 1118
1752005092395 18944.244140625 1119
1752005092926 19023.244140625 1120
1752005093459 22393.5234375 1121
1752005093989 19777.2890625 1122
1752005094520 20735.43359375 1123
1752005095049 19368.06640625 1124
1752005095580 20002.541015625 1125
1752005096109 20375.369140625 1126
1752005096641 20855.255859375 1127
1752005097174 16912.201171875 1128
1752005097707 18252.919921875 1129
1752005098236 18670.294921875 1130
1752005098766 19620.01171875 1131
1752005099297 21913.693359375 1132
1752005099827 19631.572265625 1133
1752005100360 20930.021484375 1134
1752005100896 21811.05078125 1135
1752005101426 18824.771484375 1136
1752005101965 18759.509765625 1137
1752005102521 20217.916015625 1138
1752005103092 17768.857421875 1139
1752005103662 19133.822265625 1140
1752005104255 16464.576171875 1141
1752005104820 18214.921875 1142
1752005105366 22114.166015625 1143
1752005105899 15931.7548828125 1144
1752005106486 16023.056640625 1145
1752005107053 20897.615234375 1146
1752005107614 18371.9765625 1147
1752005108145 20477.373046875 1148
1752005108677 21637.962890625 1149
1752005109224 17239.130859375 1150
1752005109767 17446.326171875 1151
1752005110319 17356.640625 1152
1752005110866 18446.900390625 1153
1752005111409 19491.162109375 1154
1752005111955 17807.53515625 1155
1752005112505 17924.591796875 1156
1752005113051 18251.185546875 1157
1752005113594 19490.966796875 1158
1752005114142 20945.390625 1159
1752005114685 20570.21875 1160
1752005115222 17398.56640625 1161
1752005115772 23071.443359375 1162
1752005116313 18248.859375 1163
1752005116861 20574.787109375 1164
1752005117405 20189.322265625 1165
1752005117948 19061.447265625 1166
1752005118493 19322.8359375 1167
1752005119036 20428.30078125 1168
1752005119583 17787.591796875 1169
1752005120123 18281.951171875 1170
1752005120664 18873.349609375 1171
1752005121204 23066.373046875 1172
1752005121743 16953.525390625 1173
1752005122287 20215.94140625 1174
1752005122834 17891.498046875 1175
1752005123396 19392.880859375 1176
1752005123958 18474.947265625 1177
1752005124501 17418.388671875 1178
1752005125042 17318.185546875 1179
1752005125576 20615.68359375 1180
1752005126126 17310.212890625 1181
1752005126665 18311.599609375 1182
1752005127196 20948.650390625 1183
1752005127728 16844.615234375 1184
1752005128303 21404.109375 1185
1752005128850 19116.521484375 1186
1752005129413 18741.2890625 1187
1752005129956 16707.380859375 1188
1752005130500 21522.61328125 1189
1752005131041 20834.982421875 1190
1752005131589 19987.53125 1191
1752005132132 22576.203125 1192
1752005132676 17102.484375 1193
1752005133219 17473.169921875 1194
1752005133755 22205.34765625 1195
1752005134285 19974.53125 1196
1752005134814 18302.23828125 1197
1752005135347 19195.337890625 1198
1752005135877 16941.556640625 1199
1752005136408 19868.419921875 1200
1752005136940 16030.4765625 1201
1752005138168 19347.896484375 1202
1752005138711 18115.662109375 1203
1752005139274 22486.34765625 1204
1752005139825 16689.328125 1205
1752005140384 18982.40625 1206
1752005140930 19765.10546875 1207
1752005141484 17112.044921875 1208
1752005142032 16315.5615234375 1209
1752005142571 18202.291015625 1210
1752005143133 15960.21875 1211
1752005143762 19887.130859375 1212
1752005144319 21497.935546875 1213
1752005144866 21414.962890625 1214
1752005145408 18030.380859375 1215
1752005145951 17657.9140625 1216
1752005146486 18588.75 1217
1752005147021 18616.390625 1218
1752005147557 20498.333984375 1219
1752005148097 18308.328125 1220
1752005148639 16725.6484375 1221
1752005149177 18893.654296875 1222
1752005149724 21487.076171875 1223
1752005150279 17699.6484375 1224
1752005150833 18965.06640625 1225
1752005151369 20340.427734375 1226
1752005151912 18835.5546875 1227
1752005152451 17142.947265625 1228
1752005152994 22614.48046875 1229
1752005153533 18131.794921875 1230
1752005154073 21362.966796875 1231
1752005154610 13797.7626953125 1232
1752005155147 18217.76953125 1233
1752005155686 17327.11328125 1234
1752005156219 19763.255859375 1235
1752005156757 20026.025390625 1236
1752005157291 21945.75 1237
1752005157825 19599.728515625 1238
1752005158364 20395.841796875 1239
1752005158898 15615.244140625 1240
1752005159435 17708.263671875 1241
1752005159968 18727.787109375 1242
1752005160507 17999.201171875 1243
1752005161046 19329.990234375 1244
1752005161582 21648.521484375 1245
1752005162122 15866.689453125 1246
1752005162657 16966.46875 1247
1752005163198 18219.154296875 1248
1752005163735 21967.099609375 1249
1752005164274 20155.708984375 1250
1752005164809 18507.6953125 1251
1752005165344 21115.328125 1252
1752005165880 18679.14453125 1253
1752005166423 15470.3798828125 1254
1752005166972 17822.76953125 1255
1752005167507 17447.171875 1256
1752005168045 18081.822265625 1257
1752005168580 17095.349609375 1258
1752005169112 20010.265625 1259
1752005169650 20786.015625 1260
1752005170182 18824.740234375 1261
1752005170715 21719.38671875 1262
1752005171249 19511.208984375 1263
1752005171784 18722.65625 1264
1752005172319 16709.712890625 1265
1752005172856 16714.828125 1266
1752005173397 16341.228515625 1267
1752005173954 18057.162109375 1268
1752005174495 19440.56640625 1269
1752005175033 18395.103515625 1270
1752005175584 18838.08203125 1271
1752005176130 16595.830078125 1272
1752005176671 20499.015625 1273
1752005177210 22031.052734375 1274
1752005177777 17518.564453125 1275
1752005178337 19253.740234375 1276
1752005178888 14854.125 1277
1752005179433 22766.146484375 1278
1752005179966 15786.53125 1279
1752005180496 18428.08203125 1280
1752005181028 20999.013671875 1281
1752005181559 17306.462890625 1282
1752005182090 16473.0390625 1283
1752005182635 16085.5 1284
1752005183165 15719.5283203125 1285
1752005183696 18930.123046875 1286
1752005184228 20060.109375 1287
1752005184761 17572.33203125 1288
1752005185292 15613.6953125 1289
1752005185825 13434.7490234375 1290
1752005186355 21397.755859375 1291
1752005186886 18956.7578125 1292
1752005187416 17966.53515625 1293
1752005187946 18323.875 1294
1752005188476 17452.33203125 1295
1752005189006 18539.201171875 1296
1752005189538 18314.4140625 1297
1752005190067 21857.28125 1298
1752005190603 20381.75390625 1299
1752005191162 17464.2265625 1300
1752005191695 16072.6279296875 1301
1752005192888 16368.462890625 1302
1752005193419 21323.833984375 1303
1752005193953 22288.0078125 1304
1752005194482 16421.224609375 1305
1752005195014 15785.6376953125 1306
1752005195549 19131.966796875 1307
1752005196082 14704.9423828125 1308
1752005196643 18059.650390625 1309
1752005197186 20050.216796875 1310
1752005197718 16279.1826171875 1311
1752005198252 17317.978515625 1312
1752005198783 16667.58203125 1313
1752005199312 16951.24609375 1314
1752005199843 15594.5283203125 1315
1752005200372 21934.31640625 1316
1752005200906 18563.669921875 1317
1752005201440 17889.28515625 1318
1752005201971 14842.828125 1319
1752005202501 18995.626953125 1320
1752005203033 18847.80078125 1321
1752005203567 19349.966796875 1322
1752005204123 19798.59765625 1323
1752005204661 21311.021484375 1324
1752005205195 18652.248046875 1325
1752005205727 21696.724609375 1326
1752005206261 18217.541015625 1327
1752005206792 19044.3671875 1328
1752005207325 16440.322265625 1329
1752005207862 17988.091796875 1330
1752005208393 18132.064453125 1331
1752005208927 17560.42578125 1332
1752005209459 13276.423828125 1333
1752005209995 18161.638671875 1334
1752005210549 17340.13671875 1335
1752005211087 14677.3076171875 1336
1752005211620 14699.765625 1337
1752005212181 19977.546875 1338
1752005212725 20397.64453125 1339
1752005213267 14882.1689453125 1340
1752005213809 16540.982421875 1341
1752005214347 19380.375 1342
1752005214892 18993.724609375 1343
1752005215424 18640.75 1344
1752005215986 18461.677734375 1345
1752005216568 14081.2919921875 1346
1752005217129 16576.83203125 1347
1752005217682 18701.91796875 1348
1752005218242 20706.69140625 1349
1752005218802 16282.6875 1350
1752005219353 19469.232421875 1351
1752005219886 16886.115234375 1352
1752005220419 16897.447265625 1353
1752005220957 19483.572265625 1354
1752005221485 18638.708984375 1355
1752005222016 19531.482421875 1356
1752005222544 17610.978515625 1357
1752005223075 18887.029296875 1358
1752005223631 20312.396484375 1359
1752005224183 17972.306640625 1360
1752005224746 18127.201171875 1361
1752005225281 17765.099609375 1362
1752005225821 17155.802734375 1363
1752005226370 18853.20703125 1364
1752005227132 15083.369140625 1365
1752005227817 18271.986328125 1366
1752005228377 18845.53125 1367
1752005228957 21235.068359375 1368
1752005229490 17480.3671875 1369
1752005229998 12760.654296875 1370
1752005230528 19439.083984375 1371
1752005231060 20001.23828125 1372
1752005231633 18913.966796875 1373
1752005232190 17867.974609375 1374
1752005232739 19639.380859375 1375
1752005233269 19283.4296875 1376
1752005233800 17466.244140625 1377
1752005234329 18748.81640625 1378
1752005234859 14772.2880859375 1379
1752005235392 13157.515625 1380
1752005235926 16358.0224609375 1381
1752005236455 17804.599609375 1382
1752005236997 14369.8388671875 1383
1752005237525 13344.2021484375 1384
1752005238079 21082.50390625 1385
1752005238634 15735.1845703125 1386
1752005239169 17973.681640625 1387
1752005239698 15475.1318359375 1388
1752005240229 15899.4404296875 1389
1752005240759 16523.37890625 1390
1752005241287 16550.564453125 1391
1752005241817 18849.53125 1392
1752005242345 17535.1484375 1393
1752005242875 15610.283203125 1394
1752005243405 14662.4599609375 1395
1752005243935 15531.9091796875 1396
1752005244465 19274.423828125 1397
1752005244994 15644.7373046875 1398
1752005245524 16476.876953125 1399
1752005246068 21173.734375 1400
1752005246634 19837.681640625 1401
1752005247796 15891.4375 1402
1752005248349 17966.185546875 1403
1752005248881 16106.5185546875 1404
1752005249412 17359.224609375 1405
1752005249943 15358.3408203125 1406
1752005250472 14816.3720703125 1407
1752005251002 16453.64453125 1408
1752005251534 17612.51171875 1409
1752005252075 17095.95703125 1410
1752005252619 15470.546875 1411
1752005253164 13823.765625 1412
1752005253692 15677.5849609375 1413
1752005254222 15562.6630859375 1414
1752005254752 16702.802734375 1415
1752005255282 18901.86328125 1416
1752005255810 13380.9140625 1417
1752005256341 15828.0693359375 1418
1752005256882 16290.9287109375 1419
1752005257416 16883.001953125 1420
1752005257950 17842.349609375 1421
1752005258481 15264.376953125 1422
1752005259012 14348.5380859375 1423
1752005259555 16952.705078125 1424
1752005260092 17848.212890625 1425
1752005260620 19009.83203125 1426
1752005261149 16753.837890625 1427
1752005261674 12704.166015625 1428
1752005262206 13259.2841796875 1429
1752005262739 19243.490234375 1430
1752005263269 12391.6591796875 1431
1752005263822 18390.927734375 1432
1752005264340 17726.810546875 1433
1752005264870 17925.005859375 1434
1752005265401 16494.884765625 1435
1752005265934 15370.322265625 1436
1752005266463 18302.91015625 1437
1752005266992 16381.9189453125 1438
1752005267526 14434.3544921875 1439
1752005268056 17160.6328125 1440
1752005268585 17288.201171875 1441
1752005269121 19042.06640625 1442
1752005269656 17752.984375 1443
1752005270188 17855.701171875 1444
1752005270718 16690.169921875 1445
1752005271249 14602.5068359375 1446
1752005271778 17050.615234375 1447
1752005272310 17563.693359375 1448
1752005272842 16222.1455078125 1449
1752005273376 15306.6328125 1450
1752005273924 16870.70703125 1451
1752005274462 17496.951171875 1452
1752005274992 16564.322265625 1453
1752005275557 18660.29296875 1454
1752005276114 16532.326171875 1455
1752005276644 15917.0029296875 1456
1752005277198 13178.7529296875 1457
1752005277725 15095.90625 1458
1752005278255 19437.62890625 1459
1752005278785 14603.6064453125 1460
1752005279318 15172.3564453125 1461
1752005279890 15673.0595703125 1462
1752005280456 15684.0107421875 1463
1752005280992 15223.8701171875 1464
1752005281546 14616.986328125 1465
1752005282073 17856.578125 1466
1752005282605 16408.568359375 1467
1752005283132 18465.373046875 1468
1752005283660 15666.4658203125 1469
1752005284193 17328.720703125 1470
1752005284722 16855.609375 1471
1752005285257 15435.9052734375 1472
1752005285788 18158.841796875 1473
1752005286320 16150.8349609375 1474
1752005286850 16953.11328125 1475
1752005287380 16424.751953125 1476
1752005287912 16648.634765625 1477
1752005288443 19032.490234375 1478
1752005288976 15645.306640625 1479
1752005289506 15851.9501953125 1480
1752005290034 16228.416015625 1481
1752005290565 16182.9189453125 1482
1752005291115 16811.39453125 1483
1752005291648 14488.8310546875 1484
1752005292178 14554.5 1485
1752005292709 14597.5361328125 1486
1752005293272 14924.703125 1487
1752005293803 17792.0 1488
1752005294333 15370.837890625 1489
1752005294864 15953.9736328125 1490
1752005295396 16461.369140625 1491
1752005295924 16459.03125 1492
1752005296453 14407.8779296875 1493
1752005296985 17211.50390625 1494
1752005297519 15353.0908203125 1495
1752005298047 13024.72265625 1496
1752005298579 14514.28125 1497
1752005299109 13609.1298828125 1498
1752005299637 13889.8671875 1499
1752005300166 13466.2724609375 1500
1752005300697 16049.416015625 1501
1752005302045 18633.189453125 1502
1752005302577 17874.154296875 1503
1752005303106 15204.619140625 1504
1752005303643 16006.9169921875 1505
1752005304195 17981.40234375 1506
1752005304857 15699.2841796875 1507
1752005305568 17818.732421875 1508
1752005306232 14125.947265625 1509
1752005306795 17318.294921875 1510
1752005307379 17921.759765625 1511
1752005307955 13782.0283203125 1512
1752005308549 13790.7060546875 1513
1752005309146 17018.4375 1514
1752005309757 16919.580078125 1515
1752005310324 16917.58984375 1516
1752005310892 14910.6015625 1517
1752005311449 12856.64453125 1518
1752005312016 14941.234375 1519
1752005312562 13474.822265625 1520
1752005313217 14066.9345703125 1521
1752005313899 14782.6083984375 1522
1752005314452 14242.431640625 1523
1752005315005 15958.525390625 1524
1752005315547 16574.044921875 1525
1752005316139 12417.1728515625 1526
1752005316672 15110.4658203125 1527
1752005317257 14726.9052734375 1528
1752005317827 15706.025390625 1529
1752005318381 17391.53125 1530
1752005318894 13264.8466796875 1531
1752005319403 15852.0302734375 1532
1752005319917 14838.087890625 1533
