1752007229447 31493.068359375 1
1752007230605 27953.216796875 2
1752007231607 28893.828125 3
1752007232708 27909.34765625 4
1752007233710 29291.09765625 5
1752007235222 30508.701171875 6
1752007236404 27833.82421875 7
1752007237413 28386.0 8
1752007238426 28535.1171875 9
1752007239440 29533.6171875 10
1752007240448 28547.951171875 11
1752007241481 30835.4765625 12
1752007242495 27418.78125 13
1752007243760 30671.9921875 14
1752007245200 28300.375 15
1752007246649 28819.14453125 16
1752007247964 27776.64453125 17
1752007249198 30378.767578125 18
1752007250571 29849.33203125 19
1752007251600 27900.734375 20
1752007252618 29524.43359375 21
1752007253639 29228.10546875 22
1752007254655 26062.41015625 23
1752007255652 28582.8203125 24
1752007256643 29461.1953125 25
1752007257638 30184.72265625 26
1752007258634 29936.7265625 27
1752007259625 28485.86328125 28
1752007260656 29071.666015625 29
1752007261689 30542.912109375 30
1752007262683 30736.5703125 31
1752007263673 27346.880859375 32
1752007264664 30753.34375 33
1752007265654 29892.4296875 34
1752007266651 30875.40234375 35
1752007267642 28474.59375 36
1752007268637 27776.876953125 37
1752007269632 26156.37109375 38
1752007270628 30700.009765625 39
1752007271619 28042.37890625 40
1752007272609 27862.40625 41
1752007273611 27167.978515625 42
1752007274600 30341.76953125 43
1752007275591 28134.099609375 44
1752007276579 27844.4375 45
1752007277570 29639.57421875 46
1752007278561 29835.853515625 47
1752007279549 27773.41015625 48
1752007280534 28737.16015625 49
1752007281523 27313.076171875 50
1752007282508 27777.109375 51
1752007283498 30116.09765625 52
1752007284483 27600.65625 53
1752007285675 27857.82421875 54
