1752182977079 28493.33203125 1
1752182979129 28858.943359375 2
1752182980841 27462.59765625 3
1752182982565 26684.302734375 4
1752182984256 27978.1953125 5
1752182985913 30336.1328125 6
1752182987631 30053.5703125 7
1752182989355 29990.15625 8
1752182991122 29243.77734375 9
1752182992810 30990.552734375 10
1752182994530 29171.34765625 11
1752182996245 29393.798828125 12
1752182997965 28612.857421875 13
1752182999687 29852.19921875 14
1752183001404 26823.876953125 15
1752183003120 26551.33984375 16
1752183004822 30315.47265625 17
1752183006542 27869.376953125 18
1752183008259 29150.603515625 19
1752183009981 29939.765625 20
1752183011716 29773.197265625 21
1752183013433 29586.044921875 22
1752183015162 28959.0703125 23
1752183016897 29172.18359375 24
1752183018626 29834.578125 25
1752183020354 26637.705078125 26
1752183022092 26485.1875 27
1752183023820 27420.26171875 28
1752183025551 28487.90234375 29
1752183027289 28144.705078125 30
1752183029018 27887.0 31
1752183030728 25092.46484375 32
1752183032574 30684.5625 33
1752183034406 30393.68359375 34
1752183036135 27395.2734375 35
1752183037946 30102.8984375 36
1752183039716 30599.708984375 37
1752183041381 29338.390625 38
1752183043017 28431.876953125 39
1752183044672 31152.94140625 40
1752183046382 27365.0 41
1752183048041 30580.328125 42
1752183049660 30888.64453125 43
1752183051279 27498.02734375 44
1752183052905 31246.66015625 45
1752183054630 31240.55859375 46
1752183056273 28066.978515625 47
1752183057894 28959.40625 48
1752183059527 27361.970703125 49
1752183061163 28909.859375 50
1752183062795 28278.099609375 51
1752183064449 29597.8515625 52
1752183066178 28286.935546875 53
1752183067936 26510.71875 54
