1751921991702 27864.138671875 1
1751921992184 28828.921875 2
1751921992462 29561.958984375 3
1751921992740 29604.107421875 4
1751921993018 30112.794921875 5
1751921993302 28389.71875 6
1751921993582 31081.666015625 7
1751921993859 31643.28515625 8
1751921994139 30114.275390625 9
1751921994417 27048.435546875 10
1751921994750 27767.888671875 11
1751921995030 28183.224609375 12
1751921995309 30735.677734375 13
1751921995588 27975.181640625 14
1751921995871 27580.78125 15
1751921996153 27284.89453125 16
1751921996434 27582.150390625 17
1751921996710 26735.154296875 18
1751921996989 29716.09765625 19
1751921997269 30102.337890625 20
1751921997548 30812.11328125 21
1751921997829 29412.599609375 22
1751921998116 29987.572265625 23
1751921998396 29427.98828125 24
1751921998675 28606.462890625 25
1751921998954 26494.462890625 26
1751921999234 27050.17578125 27
1751921999516 26825.052734375 28
1751921999797 30447.255859375 29
1751922000076 29965.099609375 30
1751922000357 28198.216796875 31
1751922000636 27083.23828125 32
1751922000916 29032.677734375 33
1751922001197 27217.109375 34
1751922001476 29489.953125 35
1751922001756 26584.265625 36
1751922002035 31076.912109375 37
1751922002318 30359.03125 38
1751922002597 28136.818359375 39
1751922002877 27786.638671875 40
1751922003160 27061.0 41
1751922003438 26575.33203125 42
1751922003719 28990.453125 43
1751922003999 31176.607421875 44
1751922004276 29644.279296875 45
1751922004556 29485.693359375 46
1751922004836 28020.76953125 47
1751922005115 29180.64453125 48
1751922005399 30790.107421875 49
1751922005678 26990.490234375 50
1751922005960 28774.396484375 51
1751922006242 30682.390625 52
1751922006522 30325.208984375 53
1751922006798 28290.177734375 54
1751922007081 27340.712890625 55
1751922007364 28121.21875 56
1751922007645 30706.95703125 57
1751922007930 25708.826171875 58
1751922008215 30760.193359375 59
1751922008508 28612.482421875 60
1751922008792 30763.541015625 61
1751922009078 30099.794921875 62
1751922009366 29037.30078125 63
1751922009656 31011.05078125 64
1751922009940 29465.693359375 65
1751922010225 28653.78125 66
1751922010500 28799.037109375 67
1751922010772 31143.037109375 68
1751922011037 26366.763671875 69
1751922011306 28586.828125 70
1751922011576 29588.92578125 71
1751922011864 27639.42578125 72
1751922012144 28586.92578125 73
1751922012417 29494.869140625 74
1751922012697 28084.599609375 75
1751922012980 31163.712890625 76
1751922013251 27198.03125 77
1751922013543 28524.623046875 78
1751922013824 28313.296875 79
1751922014114 25946.69921875 80
1751922014400 30366.087890625 81
1751922014686 29126.666015625 82
1751922014966 30724.78125 83
1751922015245 29326.826171875 84
1751922015532 26487.490234375 85
1751922015820 30878.294921875 86
1751922016103 29739.755859375 87
1751922016392 29334.25390625 88
1751922016690 28445.119140625 89
1751922016974 29099.806640625 90
1751922017267 29131.75390625 91
1751922017547 29096.630859375 92
1751922017820 28105.12890625 93
1751922018104 29008.880859375 94
1751922018384 28961.98828125 95
1751922018656 28622.419921875 96
1751922018929 28675.51953125 97
1751922019212 28202.65625 98
1751922019494 29885.982421875 99
1751922019782 29917.279296875 100
