1752006222617 28910.51953125 1
1752006223643 27521.587890625 2
1752006224429 27397.576171875 3
1752006225193 29680.056640625 4
1752006229749 28470.431640625 5
1752006230813 27994.46875 6
1752006231392 28765.068359375 7
1752006232048 29208.125 8
1752006232702 27930.068359375 9
1752006237024 27785.9375 10
1752006238089 29801.5625 11
1752006238673 27323.103515625 12
1752006239316 27212.701171875 13
1752006239967 27614.943359375 14
1752006244347 29704.125 15
1752006245423 28626.974609375 16
1752006246011 28551.638671875 17
1752006246665 30122.412109375 18
1752006247317 28449.0625 19
1752006251789 26290.22265625 20
1752006252864 29574.693359375 21
1752006253450 30015.087890625 22
1752006254096 30041.0 23
1752006254751 29342.513671875 24
1752006259172 28588.78515625 25
1752006260269 29716.775390625 26
1752006260848 29694.177734375 27
1752006261497 27065.125 28
1752006262149 29105.5625 29
1752006266769 31284.044921875 30
1752006267850 26509.091796875 31
1752006268431 28932.92578125 32
1752006269082 29352.974609375 33
1752006269723 29775.177734375 34
1752006274178 28486.447265625 35
1752006275252 29941.828125 36
1752006275832 31213.06640625 37
1752006276474 29970.73828125 38
1752006277126 30309.912109375 39
1752006281766 30588.708984375 40
1752006282847 28958.787109375 41
1752006283427 28584.625 42
1752006284096 27975.232421875 43
1752006284747 26729.326171875 44
