1752006731628 29472.818359375 1
1752006738703 30493.51953125 2
1752006744559 26410.875 3
1752006750413 28724.091796875 4
1752006758825 30276.162109375 5
1752006764518 28551.607421875 6
1752006770118 29610.400390625 7
1752006775759 31445.193359375 8
1752006781395 27335.072265625 9
1752006788918 30055.546875 10
1752006794494 30015.744140625 11
1752006800503 31616.357421875 12
1752006806379 26912.94140625 13
1752006812298 28661.240234375 14
1752006819930 27930.67578125 15
1752006826135 29793.51953125 16
1752006832140 28265.55078125 17
1752006838285 28688.498046875 18
