1752183762027 28966.38671875 1
1752183763855 28646.10546875 2
1752183765161 30039.6640625 3
1752183766472 27801.92578125 4
1752183767793 30794.62890625 5
1752183769182 29575.20703125 6
1752183770501 27373.087890625 7
1752183771807 29375.66015625 8
1752183773118 27724.359375 9
1752183774459 30772.31640625 10
1752183775772 26581.70703125 11
1752183777103 29523.55078125 12
1752183778434 28526.61328125 13
1752183779946 29105.55859375 14
1752183782481 30722.34375 15
1752183784964 26458.6640625 16
1752183787753 27774.99609375 17
1752183790082 29471.005859375 18
1752183792283 26960.474609375 19
1752183794702 28611.8984375 20
1752183796965 28964.234375 21
1752183799210 30889.990234375 22
1752183801908 29087.40234375 23
1752183804507 29898.84765625 24
1752183806756 28382.11328125 25
1752183808577 28488.64453125 26
1752183810154 28671.671875 27
1752183811652 29460.02734375 28
1752183813273 30313.9921875 29
1752183814790 31078.212890625 30
1752183816289 31543.73046875 31
1752183817814 27384.05078125 32
1752183819314 27081.59375 33
1752183820815 29950.650390625 34
1752183822315 30503.146484375 35
1752183823814 29483.564453125 36
1752183825369 28859.291015625 37
1752183826882 29504.4140625 38
1752183828840 31135.65234375 39
1752183830879 29120.78515625 40
1752183832529 28309.05078125 41
1752183834430 28107.01171875 42
1752183835995 28677.056640625 43
1752183837277 28062.07421875 44
1752183838566 26342.2421875 45
1752183840199 29669.70703125 46
1752183841219 31411.16796875 47
1752183843089 28208.578125 48
1752183844399 28462.572265625 49
1752183845676 29874.126953125 50
1752183847228 30536.69921875 51
1752183848602 30279.662109375 52
1752183849843 28904.98046875 53
1752183851051 29531.40625 54
1752183852350 30682.73046875 55
1752183853759 28557.193359375 56
1752183855049 28632.5390625 57
1752183856456 29557.888671875 58
1752183857981 29054.17578125 59
1752183859538 29237.6015625 60
1752183861108 30543.478515625 61
1752183862506 29152.47265625 62
1752183863839 29786.65625 63
1752183865403 30281.072265625 64
1752183867989 30280.3359375 65
1752183870534 26798.421875 66
1752183872215 29290.90625 67
1752183874498 27176.13671875 68
1752183876975 25542.06640625 69
1752183879449 26383.513671875 70
1752183881395 30153.046875 71
1752183882401 30157.341796875 72
1752183883490 28671.35546875 73
1752183885033 28458.45703125 74
1752183887414 28630.8515625 75
1752183889847 30423.83203125 76
1752183892118 28893.345703125 77
1752183893986 29555.07421875 78
1752183896581 29825.794921875 79
1752183899171 28440.53515625 80
1752183901262 28737.38671875 81
1752183903226 26838.765625 82
1752183904890 29751.181640625 83
1752183906319 31511.7890625 84
1752183908045 29969.828125 85
1752183909851 28341.703125 86
1752183911357 27039.4609375 87
1752183913033 28644.08203125 88
1752183914763 28374.51953125 89
1752183916486 29086.3671875 90
1752183918311 27785.509765625 91
1752183920526 30454.798828125 92
1752183922406 27334.791015625 93
1752183924698 29890.580078125 94
1752183927470 28996.42578125 95
1752183929457 28156.55078125 96
1752183931665 29911.0234375 97
1752183933767 28522.439453125 98
1752183936176 27760.1640625 99
1752183938163 28530.337890625 100
1752183939795 27804.296875 101
1752183941182 28947.70703125 102
1752183942532 27183.111328125 103
1752183943888 31411.35546875 104
1752183945151 30963.16796875 105
1752183946442 29824.6328125 106
1752183947922 29469.716796875 107
1752183949386 28893.015625 108
1752183951592 31098.51953125 109
1752183953878 27380.091796875 110
1752183956447 28715.181640625 111
1752183959043 28202.26171875 112
1752183961274 30992.078125 113
1752183963308 31368.3984375 114
1752183965580 28716.39453125 115
1752183968088 27813.982421875 116
1752183970523 30537.494140625 117
1752183973005 27870.255859375 118
1752183975456 26481.06640625 119
1752183977886 29583.97265625 120
1752183980261 31203.93359375 121
1752183982246 25849.71484375 122
1752183984250 26770.177734375 123
1752183986955 29268.830078125 124
1752183989442 28827.033203125 125
1752183991738 28618.33984375 126
1752183994080 29396.8203125 127
1752183996399 27940.08203125 128
1752183998788 27568.69140625 129
1752184001116 29149.037109375 130
1752184003268 29089.6796875 131
1752184005872 29609.953125 132
1752184008373 29365.23828125 133
1752184010649 29905.701171875 134
1752184012096 26920.92578125 135
1752184013573 28265.798828125 136
1752184015191 26138.25 137
1752184016571 27632.43359375 138
1752184017908 29254.45703125 139
1752184019360 27867.05859375 140
1752184020788 27193.3671875 141
1752184022343 29751.26953125 142
1752184023728 30789.224609375 143
1752184025233 28531.44140625 144
1752184026645 29967.28125 145
1752184028106 27819.37109375 146
1752184029453 30207.49609375 147
1752184030793 30884.93359375 148
1752184032649 29692.8984375 149
1752184035123 28453.83203125 150
1752184037427 28481.16796875 151
1752184039828 29953.03515625 152
1752184041789 27638.8671875 153
1752184043635 29047.390625 154
1752184046045 32351.18359375 155
1752184048581 27446.6953125 156
1752184050931 30988.37109375 157
1752184053350 28248.513671875 158
1752184055641 30217.498046875 159
1752184057968 28219.046875 160
1752184060058 29518.671875 161
1752184062127 27291.634765625 162
1752184064301 30629.69140625 163
1752184066668 29455.21484375 164
1752184068770 27351.685546875 165
1752184070996 29673.478515625 166
1752184073611 26110.828125 167
1752184076153 29675.0859375 168
1752184078343 29835.61328125 169
1752184080441 29431.6875 170
1752184082175 30405.4921875 171
1752184083958 31171.75390625 172
1752184086362 28367.611328125 173
1752184088695 27721.80859375 174
1752184090898 29112.9765625 175
1752184093216 28835.44140625 176
1752184095660 31481.3046875 177
1752184098134 28503.23046875 178
1752184100513 30508.28515625 179
1752184102632 29090.5625 180
1752184104656 27635.24609375 181
1752184107234 30688.27734375 182
1752184109903 26465.7109375 183
1752184112216 29989.3046875 184
1752184114116 26617.16796875 185
1752184115587 29135.73046875 186
1752184118375 31688.294921875 187
1752184119480 29768.734375 188
1752184120491 29227.546875 189
1752184121638 31824.25390625 190
1752184122751 27946.923828125 191
1752184123766 29045.140625 192
1752184124762 27066.421875 193
1752184125826 29419.74609375 194
1752184126843 30277.23828125 195
1752184127861 28596.11328125 196
1752184129200 27894.162109375 197
1752184130382 30820.5703125 198
1752184131419 27585.1328125 199
1752184132547 30445.10546875 200
1752184133847 28263.72265625 201
1752184135240 28028.853515625 202
1752184136596 28818.509765625 203
1752184137960 27964.490234375 204
1752184139309 30404.26953125 205
1752184140602 26839.490234375 206
1752184141752 28912.0390625 207
1752184143030 29773.806640625 208
1752184144239 27444.94921875 209
1752184145493 26582.7109375 210
1752184146822 28102.78125 211
1752184147817 28920.0546875 212
1752184148936 26552.408203125 213
1752184150229 29085.39453125 214
1752184151581 27416.2421875 215
1752184152610 29211.14453125 216
1752184153668 29424.16796875 217
1752184154680 29704.0703125 218
1752184155873 27566.73828125 219
1752184157312 25678.947265625 220
1752184158401 27875.43359375 221
1752184159733 28801.333984375 222
1752184160845 27423.740234375 223
1752184161874 27632.833984375 224
1752184163069 29057.7265625 225
1752184164726 28416.6015625 226
1752184166313 28435.22265625 227
1752184167854 27279.271484375 228
1752184169880 30499.57421875 229
1752184172511 31424.99609375 230
1752184175235 27785.36328125 231
1752184177917 26657.484375 232
1752184180376 26369.79296875 233
1752184182927 30547.833984375 234
1752184185525 30849.66015625 235
1752184188215 29710.640625 236
1752184190598 29618.734375 237
1752184192954 30069.20703125 238
1752184195728 30020.419921875 239
1752184198451 28900.642578125 240
1752184200890 29586.01953125 241
1752184203133 29451.25 242
1752184205523 28948.111328125 243
1752184208096 28229.64453125 244
1752184210580 28321.45703125 245
1752184212979 27264.79296875 246
1752184215358 29083.3828125 247
1752184217723 27750.923828125 248
1752184220012 30521.41796875 249
1752184222575 26763.73828125 250
1752184224761 27239.04296875 251
1752184226346 27677.46484375 252
1752184228539 29071.96484375 253
1752184230089 30137.23828125 254
1752184231621 30833.841796875 255
1752184235046 27834.375 256
1752184236706 30897.716796875 257
1752184238082 28138.662109375 258
1752184239493 29390.15625 259
1752184241122 28013.421875 260
1752184242587 27990.92578125 261
1752184244012 28240.62109375 262
1752184245590 29382.7890625 263
1752184247074 25751.7109375 264
1752184248512 29435.9296875 265
1752184250257 24458.96875 266
1752184251654 29611.37109375 267
1752184253207 27446.92578125 268
1752184254733 27122.390625 269
1752184256112 27731.03125 270
1752184257455 28027.681640625 271
1752184259607 31293.328125 272
1752184261754 29742.314453125 273
1752184263972 29536.96484375 274
1752184265998 30996.8359375 275
1752184268002 27908.35546875 276
1752184269666 28367.1484375 277
1752184271726 29508.59375 278
1752184274145 28803.439453125 279
1752184276534 27729.236328125 280
1752184279309 27761.4140625 281
1752184281191 31950.83203125 282
1752184283256 26906.79296875 283
1752184285962 27823.724609375 284
1752184288670 24379.4921875 285
1752184290997 25827.95703125 286
1752184293373 29656.333984375 287
1752184295740 29424.6484375 288
1752184298046 28250.955078125 289
1752184300213 28595.9140625 290
1752184301996 26986.49609375 291
1752184304005 31025.958984375 292
1752184306406 27775.416015625 293
1752184308759 25920.966796875 294
1752184311250 29213.748046875 295
1752184313779 27982.7265625 296
1752184316606 26980.8671875 297
1752184319369 30222.0234375 298
1752184322015 27898.00390625 299
1752184324330 27434.939453125 300
1752184326682 28021.015625 301
1752184328996 29334.109375 302
1752184331456 24548.9140625 303
1752184333996 30787.11328125 304
1752184336449 28562.42578125 305
1752184339010 26855.064453125 306
1752184341282 28833.45703125 307
1752184343517 26871.603515625 308
1752184346293 28254.4609375 309
1752184348948 28754.931640625 310
1752184351413 26431.775390625 311
1752184353858 28081.23046875 312
1752184356416 30564.29296875 313
1752184358865 28958.05859375 314
1752184361079 29049.12890625 315
1752184363163 24595.11328125 316
1752184365508 27471.0703125 317
1752184367923 27828.06640625 318
1752184370239 25949.53125 319
1752184372844 28840.30078125 320
1752184375647 28101.77734375 321
1752184378447 28278.4375 322
1752184380599 26403.6015625 323
1752184382800 28573.900390625 324
1752184385055 27843.94921875 325
1752184387451 26712.63671875 326
1752184389779 25754.0546875 327
1752184392108 29424.970703125 328
1752184394455 27131.875 329
1752184396807 29107.2109375 330
1752184399376 30484.17578125 331
1752184401492 28712.876953125 332
1752184403924 28096.6171875 333
1752184406613 28609.7734375 334
1752184409147 25726.109375 335
1752184411677 29002.84375 336
1752184414360 29015.5625 337
1752184416965 29209.28515625 338
1752184419567 26931.279296875 339
1752184421689 26168.83984375 340
1752184423759 26173.17578125 341
1752184426307 29083.28515625 342
1752184428805 26756.953125 343
1752184431290 28414.408203125 344
1752184434131 28441.0859375 345
1752184436640 29460.349609375 346
1752184438978 29459.81640625 347
1752184441175 28068.046875 348
1752184443050 29041.82421875 349
1752184445331 30005.9296875 350
1752184446936 26349.06640625 351
1752184448606 26535.5703125 352
1752184449999 30478.96484375 353
1752184451512 29881.0078125 354
1752184453188 27345.927734375 355
1752184454778 30658.884765625 356
1752184456282 28329.11328125 357
1752184457833 27051.732421875 358
1752184459591 29434.82421875 359
1752184461532 25579.705078125 360
1752184463941 27413.8671875 361
1752184466577 29481.0546875 362
1752184468876 27784.8125 363
1752184471371 27070.8359375 364
1752184473832 30426.234375 365
1752184476228 28781.14453125 366
1752184478555 29011.0703125 367
1752184480576 25902.5546875 368
1752184482245 23201.27734375 369
1752184484547 26722.3671875 370
1752184486840 25969.23828125 371
1752184489290 25434.923828125 372
1752184491526 28158.900390625 373
1752184493769 27987.9609375 374
1752184496303 26987.302734375 375
1752184499116 28299.72265625 376
1752184501208 28154.513671875 377
1752184503223 27731.2421875 378
1752184505341 27408.1875 379
1752184507027 26639.6640625 380
1752184509360 26380.015625 381
1752184511212 28472.9921875 382
1752184512848 28377.78125 383
1752184514602 28953.390625 384
1752184516338 28320.22265625 385
1752184517957 27150.76171875 386
1752184519219 27331.859375 387
1752184520698 28376.50390625 388
1752184522381 25312.796875 389
1752184523895 26408.759765625 390
1752184526451 29132.78125 391
1752184527663 30522.056640625 392
1752184528866 26623.685546875 393
1752184530238 31300.94140625 394
1752184531581 29655.470703125 395
1752184534479 26956.73046875 396
1752184536098 29367.197265625 397
1752184537510 26653.5 398
1752184538527 28225.314453125 399
1752184539707 28250.677734375 400
1752184541185 29819.1171875 401
1752184542516 28264.54296875 402
1752184543861 28022.482421875 403
1752184544852 25849.556640625 404
1752184545841 26389.568359375 405
1752184546840 29206.5546875 406
1752184547830 28175.869140625 407
1752184548829 23976.291015625 408
1752184550249 27127.70703125 409
1752184551238 28269.7265625 410
1752184552227 29096.8203125 411
1752184553212 27406.521484375 412
1752184554208 25692.984375 413
1752184555197 24486.14453125 414
1752184556198 29413.5859375 415
1752184557207 29859.00390625 416
1752184558215 27436.1171875 417
1752184559223 26792.14453125 418
1752184560231 31175.328125 419
1752184561254 26647.263671875 420
1752184562260 28748.90234375 421
1752184563267 27124.3046875 422
1752184564276 29093.267578125 423
1752184565287 26325.74609375 424
1752184566283 23952.611328125 425
1752184567291 26069.24609375 426
1752184568297 27481.83203125 427
1752184569305 28469.025390625 428
1752184570313 26445.91015625 429
1752184571318 29502.654296875 430
1752184572328 27304.5078125 431
1752184573340 29999.859375 432
1752184574350 27912.93359375 433
1752184575513 24407.9609375 434
1752184576579 27494.455078125 435
1752184577587 26465.177734375 436
1752184578594 25622.8359375 437
1752184579606 27994.140625 438
1752184580612 27339.720703125 439
1752184581622 28001.732421875 440
1752184582626 28566.86328125 441
1752184583636 25690.41796875 442
1752184584645 24173.958984375 443
1752184585651 28448.13671875 444
1752184586658 27197.375 445
1752184587667 28198.58203125 446
1752184588673 26551.30078125 447
1752184589681 26114.76171875 448
1752184590688 29241.236328125 449
1752184591699 25242.10546875 450
1752184592705 27967.66796875 451
1752184593713 28548.50390625 452
1752184594722 29921.5 453
1752184595728 28422.125 454
1752184596737 27443.484375 455
1752184597744 27272.3515625 456
1752184598753 26159.310546875 457
1752184599761 27826.19140625 458
1752184600769 24418.021484375 459
1752184601779 29010.87890625 460
1752184602784 27505.310546875 461
1752184603794 26899.212890625 462
1752184604800 24598.140625 463
1752184605809 23978.791015625 464
1752184606814 27223.357421875 465
1752184607821 25915.26953125 466
1752184608828 29002.40234375 467
1752184609836 25041.71875 468
1752184610842 29283.77734375 469
1752184611852 26267.08203125 470
1752184612859 25848.7109375 471
1752184613869 27134.35546875 472
1752184614877 23615.755859375 473
1752184615884 25217.33984375 474
1752184616893 25580.90625 475
1752184617901 29461.650390625 476
1752184618911 28848.5625 477
1752184619918 26580.328125 478
1752184620938 25579.01953125 479
1752184621955 25245.193359375 480
1752184622961 23790.22265625 481
1752184623969 26585.69140625 482
1752184624976 25845.09765625 483
1752184625987 25590.615234375 484
1752184626991 29177.609375 485
1752184628001 28153.00390625 486
1752184629011 23584.685546875 487
1752184630020 27222.9609375 488
1752184631027 26728.43359375 489
1752184632035 26439.9921875 490
1752184633045 27450.19140625 491
1752184634065 29280.298828125 492
1752184635195 26652.009765625 493
1752184636278 26347.271484375 494
1752184637286 29625.98828125 495
1752184638296 24512.16015625 496
1752184639305 26870.78125 497
1752184640314 25094.875 498
1752184641320 27831.21875 499
1752184642326 24074.015625 500
1752184643333 27570.12109375 501
1752184644355 26136.271484375 502
1752184645364 22432.0546875 503
1752184646373 27497.109375 504
1752184647382 28553.076171875 505
1752184648389 23891.740234375 506
1752184649397 25926.55078125 507
1752184650406 30640.962890625 508
1752184651413 27647.529296875 509
1752184652421 25022.939453125 510
1752184653431 27276.1875 511
1752184654438 28082.37109375 512
1752184655448 25713.69921875 513
1752184656452 26101.990234375 514
1752184657461 26335.06640625 515
1752184658469 23638.91015625 516
1752184659478 26915.83984375 517
1752184660486 24904.392578125 518
1752184661495 22347.810546875 519
1752184662505 24076.6171875 520
1752184663515 26661.630859375 521
1752184664526 27673.927734375 522
1752184665534 23739.763671875 523
1752184666543 27583.048828125 524
1752184667554 27091.05078125 525
1752184668561 24094.4609375 526
1752184669571 26682.859375 527
1752184670578 26399.52734375 528
1752184671585 30709.65625 529
1752184672594 23974.04296875 530
1752184673603 26550.73828125 531
1752184674611 28076.14453125 532
1752184675621 29529.01953125 533
1752184676631 26692.068359375 534
1752184677641 28692.140625 535
1752184678649 26634.474609375 536
1752184679660 24796.849609375 537
1752184680676 28162.03515625 538
1752184681696 27781.33203125 539
1752184682703 25709.521484375 540
1752184683713 26227.978515625 541
1752184684719 27782.291015625 542
1752184685728 26398.0625 543
1752184686736 27268.8359375 544
1752184687745 25475.212890625 545
1752184688753 27374.40234375 546
1752184689764 26545.9921875 547
1752184690776 26757.234375 548
1752184691784 25252.927734375 549
1752184692795 25822.40234375 550
1752184693808 24436.640625 551
1752184694892 28799.65625 552
1752184696041 23895.130859375 553
1752184697087 25783.97265625 554
1752184698095 25252.6171875 555
1752184699103 25390.12109375 556
1752184700111 25418.388671875 557
1752184701119 23946.6015625 558
1752184702129 24933.93359375 559
1752184703136 25739.208984375 560
1752184704148 23472.0546875 561
1752184705155 29362.23046875 562
1752184706162 27316.083984375 563
1752184707172 23765.28125 564
1752184708181 23813.830078125 565
1752184709188 25498.703125 566
1752184710198 28131.318359375 567
1752184711207 23924.52734375 568
1752184712220 22437.9765625 569
1752184713228 28223.693359375 570
1752184714242 25527.87890625 571
1752184715251 22366.75390625 572
1752184716262 26561.013671875 573
1752184717271 24691.984375 574
1752184718278 24559.5 575
1752184719287 24095.47265625 576
1752184720299 25226.158203125 577
1752184721311 27193.41796875 578
1752184722320 28612.0390625 579
1752184723337 23668.8671875 580
1752184724345 24689.861328125 581
1752184725354 26119.28515625 582
1752184726362 22374.25 583
1752184727372 26191.974609375 584
1752184728379 24769.9296875 585
1752184729386 27076.220703125 586
1752184730395 23687.46484375 587
1752184731406 23880.44921875 588
1752184732413 25122.55078125 589
1752184733422 28174.16796875 590
1752184734434 22717.548828125 591
1752184735442 24714.3671875 592
1752184736450 27499.1875 593
1752184737459 22944.99609375 594
1752184738467 26891.369140625 595
1752184739474 26978.54296875 596
1752184740486 27349.677734375 597
1752184741526 25601.869140625 598
1752184742534 26002.3125 599
1752184743543 23517.703125 600
1752184744548 24390.390625 601
1752184745558 21890.87890625 602
1752184746567 25404.291015625 603
1752184747574 25649.87109375 604
1752184748584 24650.1328125 605
1752184749595 26667.5625 606
1752184750606 25435.69921875 607
1752184751615 24513.8046875 608
1752184752625 25667.89453125 609
1752184753640 25027.3671875 610
1752184754685 23234.73046875 611
1752184755823 21860.640625 612
1752184756842 23361.111328125 613
1752184757854 26637.0 614
1752184758862 22447.6171875 615
1752184759868 27599.43359375 616
1752184760877 27977.724609375 617
1752184761887 24775.94921875 618
1752184762898 23288.9296875 619
1752184763908 25336.150390625 620
1752184764915 26052.986328125 621
1752184765924 23546.0703125 622
1752184766936 25038.54296875 623
1752184767943 24093.55859375 624
1752184768953 24296.6484375 625
1752184769958 23083.130859375 626
1752184770977 25080.529296875 627
1752184771986 26506.59375 628
1752184772999 24483.546875 629
1752184774011 21790.7578125 630
1752184775020 25326.234375 631
1752184776028 29434.87109375 632
1752184777034 24107.037109375 633
1752184778045 24134.859375 634
1752184779052 26134.484375 635
1752184780060 26032.513671875 636
1752184781071 23591.044921875 637
1752184782078 25683.5859375 638
1752184783088 26022.171875 639
1752184784105 24808.009765625 640
1752184785117 19747.62109375 641
1752184786139 24950.146484375 642
1752184787158 26144.38671875 643
1752184788172 25626.046875 644
1752184789188 22753.55859375 645
1752184790199 28998.0859375 646
1752184791217 25762.193359375 647
1752184792231 22722.71484375 648
1752184793239 25817.69921875 649
1752184794376 26444.71484375 650
1752184795389 27377.71875 651
1752184796399 25833.921875 652
1752184797408 24763.11328125 653
1752184798417 29303.5078125 654
1752184799427 21168.388671875 655
1752184800438 24897.044921875 656
1752184801459 25782.00390625 657
1752184802470 21581.640625 658
1752184803479 25033.345703125 659
1752184804468 24187.24609375 660
1752184805478 26970.4609375 661
1752184806488 25978.65625 662
1752184807497 22972.79296875 663
1752184808509 29678.21484375 664
1752184809524 26639.439453125 665
1752184810535 25962.91015625 666
1752184811547 25762.53515625 667
1752184812560 25342.310546875 668
1752184813604 26289.44140625 669
1752184814825 25573.55859375 670
1752184816035 25414.09765625 671
1752184817147 22309.78515625 672
1752184818226 25682.9296875 673
1752184819374 25625.623046875 674
1752184820411 25608.095703125 675
1752184821434 23242.1171875 676
1752184822462 23363.15625 677
1752184823490 23925.09765625 678
1752184824504 22265.345703125 679
1752184825517 24551.279296875 680
1752184826532 23883.310546875 681
1752184827544 22473.67578125 682
1752184828555 23222.15234375 683
1752184829569 22736.587890625 684
1752184830581 23394.2265625 685
1752184831600 23894.845703125 686
1752184832618 25977.568359375 687
1752184833628 24708.189453125 688
1752184834640 27445.25 689
1752184835652 25100.7734375 690
1752184836661 25438.369140625 691
1752184837678 24889.9765625 692
1752184838688 26823.9140625 693
1752184839697 24978.36328125 694
1752184840709 21993.498046875 695
1752184841719 24638.37109375 696
1752184842732 24439.125 697
1752184843733 21983.017578125 698
1752184844742 29081.857421875 699
1752184845751 25934.0625 700
1752184846764 23922.5234375 701
1752184847771 23073.9453125 702
1752184848782 24584.00390625 703
1752184849795 25856.1796875 704
1752184850805 22195.67578125 705
1752184851814 22243.29296875 706
1752184852824 25634.921875 707
1752184853834 25357.76953125 708
1752184854845 25318.7890625 709
1752184855856 24075.677734375 710
1752184856865 26523.203125 711
1752184857877 24109.099609375 712
1752184858886 22030.828125 713
1752184859896 19688.5234375 714
1752184860922 23224.869140625 715
1752184861932 21704.416015625 716
1752184862943 26109.83203125 717
1752184863949 24497.40234375 718
1752184864960 26001.67578125 719
1752184865970 21664.240234375 720
1752184866979 22062.40625 721
1752184867988 25490.376953125 722
1752184868998 22838.2578125 723
1752184870007 24314.42578125 724
1752184871015 21304.140625 725
1752184872026 22648.05078125 726
1752184873035 26038.375 727
1752184874042 23960.90625 728
1752184875053 27243.400390625 729
1752184876062 23994.888671875 730
1752184877078 25536.55078125 731
1752184878164 22605.23046875 732
1752184879292 24068.712890625 733
1752184880322 23851.484375 734
1752184881332 26012.611328125 735
1752184882331 23077.529296875 736
1752184883339 24591.73046875 737
1752184884349 18998.890625 738
1752184885359 23738.990234375 739
1752184886367 23893.669921875 740
1752184887375 23518.48828125 741
1752184888751 22887.796875 742
1752184890280 23965.44140625 743
1752184891309 21191.587890625 744
1752184892338 26870.07421875 745
1752184893351 24432.16796875 746
1752184894406 28228.171875 747
1752184895747 23177.9296875 748
1752184897576 24659.615234375 749
1752184899235 24961.74609375 750
