1751924249432 28329.779296875 1
1751924250000 29102.029296875 2
1751924250319 29471.146484375 3
1751924250637 27590.416015625 4
1751924250962 29987.826171875 5
1751924251283 27302.66015625 6
1751924251605 30199.28125 7
1751924251927 26882.607421875 8
1751924252242 30174.21875 9
1751924252551 30495.708984375 10
1751924252861 28106.416015625 11
1751924253183 31608.01953125 12
1751924253502 29766.3125 13
1751924253813 30380.84375 14
1751924254132 29586.873046875 15
1751924254456 31329.5625 16
1751924254767 27843.669921875 17
1751924255079 29504.810546875 18
1751924255395 28569.337890625 19
1751924255706 29002.880859375 20
1751924256021 27298.09375 21
1751924256336 30908.5625 22
1751924256641 29208.435546875 23
1751924256942 28416.75 24
1751924257230 28917.25 25
1751924257518 30090.349609375 26
1751924257807 28897.865234375 27
1751924258103 28148.61328125 28
1751924258390 27612.833984375 29
1751924258681 30885.1875 30
1751924258976 26909.572265625 31
1751924259313 30207.224609375 32
1751924259637 27986.712890625 33
1751924259952 29215.64453125 34
1751924260284 29901.462890625 35
1751924260599 29073.880859375 36
1751924260917 29504.240234375 37
1751924261213 29177.09765625 38
1751924261507 29512.052734375 39
1751924261797 26824.806640625 40
1751924262092 29064.162109375 41
1751924262396 29185.201171875 42
1751924262703 28588.3125 43
1751924263003 29988.03125 44
1751924263291 28830.609375 45
1751924263581 30881.880859375 46
1751924263871 30039.0 47
1751924264162 28463.099609375 48
1751924264450 27778.052734375 49
1751924264739 27254.0 50
1751924265025 28167.099609375 51
1751924265313 29221.03125 52
1751924265602 28475.572265625 53
1751924265912 28143.009765625 54
1751924266226 31058.34375 55
1751924266541 28653.34375 56
1751924266857 29135.869140625 57
1751924267154 30304.55078125 58
1751924267457 29199.01953125 59
1751924267773 26842.36328125 60
1751924268081 28077.64453125 61
1751924268398 28196.337890625 62
1751924268707 29787.80078125 63
1751924269026 28438.294921875 64
1751924269328 30106.556640625 65
1751924269618 28202.884765625 66
1751924269907 29074.26953125 67
1751924270212 27808.388671875 68
1751924270528 30645.48828125 69
1751924270842 29209.30078125 70
1751924271157 30445.53515625 71
1751924271473 28490.166015625 72
1751924271794 28088.21875 73
1751924272101 30009.302734375 74
1751924272390 28966.255859375 75
1751924272681 29429.630859375 76
1751924272971 29047.087890625 77
1751924273259 30764.232421875 78
1751924273549 29609.306640625 79
1751924273838 26496.228515625 80
1751924274132 28540.619140625 81
1751924274456 28122.263671875 82
1751924274777 30366.099609375 83
1751924275095 29514.89453125 84
1751924275414 30939.72265625 85
1751924275729 30701.263671875 86
1751924276025 30983.84375 87
1751924276313 29662.150390625 88
1751924276602 28808.25 89
1751924276908 29447.17578125 90
1751924277229 28855.482421875 91
1751924277547 29298.30078125 92
1751924277867 28628.640625 93
1751924278183 28559.169921875 94
1751924278480 31322.669921875 95
1751924278771 27521.97265625 96
1751924279062 28389.515625 97
1751924279349 29084.5 98
1751924279636 29724.505859375 99
1751924279924 31043.744140625 100
