1751921834189 30332.98828125 0
1751921837180 27734.443359375 0
1751921838075 28830.037109375 0
1751921839263 27023.03125 0
1751921841068 27659.203125 0
1751921842657 29462.505859375 0
1751921845392 29419.47265625 0
1751921847751 29524.8125 0
1751921850317 29879.89453125 0
1751921851562 28754.732421875 0
1751921852773 29025.837890625 0
1751921854255 28484.322265625 0
1751921855490 28669.732421875 0
1751921856632 30627.115234375 0
1751921857858 26885.39453125 0
1751921858897 28585.97265625 0
1751921859687 29910.181640625 0
1751921874254 29452.349609375 0
1751921876587 30482.779296875 0
1751921877754 30773.806640625 0
1751921879266 27025.125 0
1751921880537 29814.904296875 0
1751921882782 27273.560546875 0
