1752005562580 28206.884765625 1
1752005563444 30722.40625 2
1752005564015 31913.615234375 3
1752005564590 25984.310546875 4
1752005565156 31816.087890625 5
1752005565721 27583.349609375 6
1752005566291 29926.037109375 7
1752005566899 30014.86328125 8
1752005567469 28939.294921875 9
1752005568035 29434.619140625 10
1752005568604 29396.138671875 11
1752005569178 28028.962890625 12
1752005569750 30589.884765625 13
1752005570325 28264.61328125 14
1752005570912 28224.71875 15
1752005571481 28613.46875 16
1752005572054 29489.201171875 17
1752005572624 28574.375 18
1752005573193 28092.46875 19
1752005573841 28383.390625 20
1752005574428 30656.45703125 21
1752005575025 29260.419921875 22
1752005575604 30361.296875 23
1752005576197 27919.556640625 24
1752005576786 27144.86328125 25
1752005577392 30243.576171875 26
1752005577969 28732.115234375 27
1752005578575 29121.900390625 28
1752005579148 26020.76171875 29
1752005579714 28728.443359375 30
1752005580285 28774.951171875 31
1752005580925 29426.525390625 32
1752005581500 30534.130859375 33
1752005582068 26787.92578125 34
1752005582746 30919.373046875 35
1752005583408 29427.0625 36
1752005584041 28265.34765625 37
1752005584705 26749.53125 38
1752005585348 29188.9375 39
1752005585988 29934.505859375 40
1752005586663 29446.607421875 41
1752005587307 28608.701171875 42
1752005587941 29236.55078125 43
1752005588720 26617.3125 44
1752005589358 30534.619140625 45
1752005589987 29706.375 46
1752005590619 26249.58203125 47
1752005591248 28832.61328125 48
1752005591879 26955.90625 49
1752005592518 29577.59375 50
1752005593159 28909.787109375 51
1752005593796 28127.494140625 52
1752005594434 29421.107421875 53
1752005595069 29174.775390625 54
1752005595714 28329.625 55
1752005596509 30904.921875 56
1752005597172 28943.478515625 57
1752005597806 29368.806640625 58
1752005598462 27414.919921875 59
