1751922124087 27744.58203125 1
1751922124659 27280.494140625 2
1751922124944 30011.138671875 3
1751922125230 27966.123046875 4
1751922125515 30307.474609375 5
1751922125801 28616.59375 6
1751922126098 28454.6875 7
1751922126382 30710.607421875 8
1751922126661 30389.775390625 9
1751922126939 30197.55078125 10
1751922127228 29316.12890625 11
1751922127519 28556.640625 12
1751922127799 28578.40625 13
1751922128081 30050.603515625 14
1751922128367 30802.263671875 15
1751922128653 29356.98828125 16
1751922128933 29073.140625 17
1751922129213 30367.625 18
1751922129495 28181.693359375 19
1751922129778 30227.9375 20
1751922130061 29970.904296875 21
1751922130346 30042.81640625 22
1751922130629 26817.365234375 23
1751922130922 25925.28125 24
1751922131204 29231.755859375 25
1751922131487 31066.775390625 26
1751922131770 30767.576171875 27
1751922132052 26927.669921875 28
1751922132344 28236.14453125 29
1751922132633 27051.841796875 30
1751922132914 30076.224609375 31
1751922133195 31456.634765625 32
1751922133488 28588.349609375 33
1751922133777 30428.529296875 34
1751922134069 29897.23828125 35
1751922134351 28995.447265625 36
1751922134640 29046.765625 37
1751922134923 25382.30078125 38
1751922135205 28950.83203125 39
1751922135489 30263.462890625 40
1751922135773 25755.509765625 41
1751922136063 28907.578125 42
1751922136351 28477.69140625 43
1751922136635 29918.71875 44
1751922136933 28472.044921875 45
1751922137223 28065.71875 46
1751922137487 28920.96875 47
1751922137775 28970.46875 48
1751922138063 27337.701171875 49
1751922138351 29006.23828125 50
1751922138642 26663.984375 51
1751922138937 28128.560546875 52
1751922139224 28672.328125 53
1751922139521 28435.58203125 54
1751922139807 28938.73828125 55
1751922140095 30563.037109375 56
1751922140382 30012.216796875 57
1751922140667 28264.712890625 58
1751922140961 30263.76953125 59
1751922141258 31215.849609375 60
1751922141553 27961.203125 61
1751922141838 29097.451171875 62
1751922142130 31164.951171875 63
1751922142415 29937.646484375 64
1751922142705 29893.888671875 65
1751922143001 29011.541015625 66
1751922143292 28672.01953125 67
1751922143577 28232.4375 68
1751922143863 29444.482421875 69
1751922144158 28085.326171875 70
1751922144453 28300.775390625 71
1751922144738 28578.216796875 72
1751922145027 26307.01953125 73
1751922145311 28619.541015625 74
1751922145590 28534.294921875 75
1751922145869 29820.80078125 76
1751922146164 28462.724609375 77
1751922146463 29203.982421875 78
1751922146740 30951.912109375 79
1751922147016 30213.435546875 80
1751922147293 28135.400390625 81
1751922147571 30338.47265625 82
1751922147848 28566.67578125 83
1751922148114 30966.662109375 84
1751922148390 30100.681640625 85
1751922148671 29783.66015625 86
1751922148945 29330.25 87
1751922149219 29755.28125 88
1751922149500 29333.58203125 89
1751922149776 30156.154296875 90
1751922150050 30123.078125 91
1751922150330 27286.787109375 92
1751922150608 30030.71875 93
1751922150896 29449.537109375 94
1751922151174 31725.765625 95
1751922151459 31005.1875 96
1751922151738 30579.0 97
1751922152021 28586.865234375 98
1751922152306 25703.541015625 99
1751922152588 29573.025390625 100
1751922152864 29484.046875 101
1751922153587 31015.888671875 102
1751922153864 30275.65625 103
1751922154143 31078.732421875 104
1751922154417 28205.412109375 105
1751922154696 29553.34375 106
1751922154973 30109.375 107
1751922155256 30774.125 108
1751922155537 30852.802734375 109
1751922155809 29738.076171875 110
1751922156085 27433.490234375 111
1751922156370 28860.36328125 112
1751922156649 30966.46875 113
1751922156931 28385.21875 114
1751922157216 31156.927734375 115
1751922157501 28626.603515625 116
1751922157782 29268.748046875 117
1751922158067 27933.17578125 118
1751922158352 29987.46875 119
1751922158612 28191.724609375 120
1751922158893 29558.380859375 121
1751922159174 27947.109375 122
1751922159460 28817.525390625 123
1751922159756 25645.125 124
1751922160038 28524.787109375 125
1751922160319 29312.318359375 126
1751922160601 27207.990234375 127
1751922160887 28489.947265625 128
1751922161177 28660.19140625 129
1751922161463 28843.451171875 130
1751922161742 28454.875 131
1751922162022 29875.328125 132
1751922162305 27868.890625 133
1751922162590 30988.712890625 134
1751922162868 28919.958984375 135
1751922163149 29722.005859375 136
1751922163427 29374.931640625 137
1751922163705 28632.802734375 138
1751922163993 30094.650390625 139
1751922164273 26906.125 140
1751922164566 28124.775390625 141
1751922164846 30395.853515625 142
1751922165122 26494.322265625 143
1751922165401 26782.919921875 144
1751922165676 30137.03515625 145
1751922165954 29983.716796875 146
1751922166247 26852.462890625 147
1751922166529 29645.01953125 148
1751922166823 29580.505859375 149
1751922167107 29121.744140625 150
1751922167389 28027.638671875 151
1751922167678 29446.73828125 152
1751922167967 29883.45703125 153
1751922168250 27842.591796875 154
1751922168541 31144.01953125 155
1751922168826 28276.953125 156
1751922169116 29835.857421875 157
1751922169397 27358.794921875 158
1751922169692 27694.53125 159
1751922169977 28501.734375 160
1751922170258 29954.556640625 161
1751922170544 29550.556640625 162
1751922170834 29664.53125 163
1751922171118 27941.341796875 164
1751922171399 26920.01953125 165
1751922171686 29061.39453125 166
1751922171969 30303.130859375 167
1751922172263 30594.01953125 168
1751922172553 28941.22265625 169
1751922172844 26793.478515625 170
1751922173136 29324.4375 171
1751922173430 28043.28125 172
1751922173726 27403.828125 173
1751922174019 27761.544921875 174
1751922174311 27987.765625 175
1751922174605 28970.427734375 176
1751922174900 30023.451171875 177
1751922175178 28452.39453125 178
1751922175463 28576.8125 179
1751922175741 29128.72265625 180
1751922176050 27663.025390625 181
1751922176322 29409.931640625 182
1751922176584 27751.576171875 183
1751922176857 27790.712890625 184
1751922177129 30728.544921875 185
1751922177401 27545.787109375 186
1751922177671 31007.763671875 187
1751922177940 28812.166015625 188
1751922178209 31651.275390625 189
1751922178476 28997.833984375 190
1751922178742 28981.982421875 191
1751922179007 29653.71875 192
1751922179274 28377.009765625 193
1751922179541 29956.17578125 194
1751922179809 30970.53125 195
1751922180077 28374.39453125 196
1751922180323 31403.318359375 197
1751922180561 28000.75 198
1751922180801 26237.498046875 199
1751922181042 28503.451171875 200
1751922181281 27432.509765625 201
1751922181787 29708.912109375 202
1751922182029 29955.458984375 203
1751922182268 27885.560546875 204
1751922182507 28482.224609375 205
1751922182747 28125.326171875 206
1751922182988 28259.92578125 207
1751922183229 30085.107421875 208
1751922183470 29228.896484375 209
1751922183707 28612.80078125 210
1751922183949 29249.20703125 211
1751922184188 28838.759765625 212
1751922184430 28326.556640625 213
1751922184670 28485.44140625 214
1751922184910 30009.607421875 215
1751922185150 29680.39453125 216
1751922185389 29438.921875 217
1751922185630 28883.921875 218
1751922185871 28545.833984375 219
1751922186112 28007.193359375 220
1751922186351 28961.466796875 221
1751922186592 31659.123046875 222
1751922186833 28061.453125 223
1751922187075 30866.50390625 224
1751922187321 28821.919921875 225
1751922187562 29717.65625 226
1751922187802 29109.880859375 227
1751922188043 30228.513671875 228
1751922188286 28179.474609375 229
1751922188525 29178.84375 230
1751922188767 28529.97265625 231
1751922189007 29157.75390625 232
1751922189249 30409.05078125 233
1751922189489 29135.755859375 234
1751922189729 27792.451171875 235
1751922189970 28640.619140625 236
1751922190210 30228.951171875 237
1751922190449 26772.86328125 238
1751922190690 28277.65625 239
1751922190929 26727.873046875 240
1751922191171 27273.28515625 241
1751922191412 30747.412109375 242
1751922191653 29110.537109375 243
1751922191894 26806.169921875 244
1751922192137 28499.697265625 245
1751922192392 31039.794921875 246
1751922192634 30659.740234375 247
1751922192892 28133.703125 248
1751922193136 28687.359375 249
1751922193380 30183.71875 250
1751922193624 28596.89453125 251
1751922193882 29945.544921875 252
1751922194133 28018.11328125 253
1751922194378 30172.826171875 254
1751922194620 28998.1875 255
1751922194863 28303.943359375 256
1751922195103 27505.568359375 257
1751922195352 27897.109375 258
1751922195601 27215.021484375 259
1751922195844 27484.130859375 260
1751922196086 28590.638671875 261
1751922196339 28710.03125 262
1751922196587 27853.912109375 263
1751922196834 28596.138671875 264
1751922197081 29072.869140625 265
1751922197330 30154.130859375 266
1751922197584 26941.076171875 267
1751922197829 28762.974609375 268
1751922198073 28762.521484375 269
1751922198315 28642.775390625 270
1751922198560 30029.912109375 271
1751922198803 28627.244140625 272
1751922199059 30049.625 273
1751922199298 32040.64453125 274
1751922199544 26696.875 275
1751922199786 30928.61328125 276
1751922200028 29879.140625 277
1751922200271 28178.162109375 278
1751922200513 29806.36328125 279
1751922200754 27511.72265625 280
1751922200995 29208.015625 281
1751922201235 28466.16015625 282
1751922201476 28520.78515625 283
1751922201715 27424.916015625 284
1751922201954 27069.494140625 285
1751922202193 29002.208984375 286
1751922202436 30149.505859375 287
1751922202678 28002.794921875 288
1751922202921 29638.587890625 289
1751922203160 31170.044921875 290
1751922203402 29229.966796875 291
1751922203643 30312.0625 292
1751922203884 28637.068359375 293
1751922204124 27505.806640625 294
1751922204374 29758.0 295
1751922204615 31160.576171875 296
1751922204860 29680.125 297
1751922205103 28749.83203125 298
1751922205345 30916.67578125 299
1751922205584 29615.333984375 300
1751922205832 28042.912109375 301
1751922206353 29325.546875 302
1751922206596 28773.732421875 303
1751922206838 29129.712890625 304
1751922207081 29033.75 305
1751922207321 31372.763671875 306
1751922207563 29166.92578125 307
1751922207804 26253.599609375 308
1751922208045 29878.28515625 309
1751922208287 28361.880859375 310
1751922208528 27260.56640625 311
1751922208768 28255.193359375 312
1751922209017 28504.462890625 313
1751922209279 28064.66015625 314
1751922209524 28261.177734375 315
1751922209768 29484.849609375 316
1751922210010 30376.90625 317
1751922210249 30041.306640625 318
1751922210492 27237.265625 319
1751922210733 28815.484375 320
1751922210975 26513.150390625 321
1751922211238 30017.451171875 322
1751922211482 28912.771484375 323
1751922211727 29751.521484375 324
1751922211970 27371.953125 325
1751922212210 30496.279296875 326
1751922212450 28503.447265625 327
1751922212694 27991.369140625 328
1751922212934 29227.76953125 329
1751922213176 27427.357421875 330
1751922213416 25924.732421875 331
1751922213659 29404.552734375 332
1751922213901 27591.396484375 333
1751922214140 30447.982421875 334
1751922214384 29124.607421875 335
1751922214623 28801.58203125 336
1751922214865 29594.20703125 337
1751922215108 28150.73828125 338
1751922215350 28331.294921875 339
1751922215590 27822.412109375 340
1751922215847 26403.30078125 341
1751922216089 27892.919921875 342
1751922216336 29655.828125 343
1751922216578 28770.39453125 344
1751922216821 29865.490234375 345
1751922217061 27666.873046875 346
1751922217304 30552.435546875 347
1751922217546 26056.708984375 348
1751922217787 28616.193359375 349
1751922218028 29840.375 350
1751922218270 29527.056640625 351
1751922218513 27727.515625 352
1751922218757 30317.556640625 353
1751922218997 30397.71875 354
1751922219248 30891.69140625 355
1751922219497 26443.14453125 356
1751922219754 30885.953125 357
1751922220003 28410.03125 358
1751922220247 27773.474609375 359
1751922220500 26411.458984375 360
1751922220753 27231.849609375 361
1751922220998 29063.66015625 362
1751922221252 28234.40625 363
1751922221505 27161.36328125 364
1751922221767 28614.462890625 365
1751922222015 26923.01953125 366
1751922222258 29148.48828125 367
1751922222502 29254.84375 368
1751922222742 30085.931640625 369
1751922222984 28409.33203125 370
1751922223224 26738.583984375 371
1751922223467 28215.572265625 372
1751922223710 27400.021484375 373
1751922223950 28744.888671875 374
1751922224190 27423.21875 375
1751922224430 27281.482421875 376
1751922224671 23934.123046875 377
1751922224910 28318.603515625 378
1751922225152 29055.443359375 379
1751922225393 29238.73828125 380
1751922225634 27743.521484375 381
1751922225874 27630.39453125 382
1751922226116 30079.22265625 383
1751922226356 28629.416015625 384
1751922226598 26543.333984375 385
1751922226839 27842.857421875 386
1751922227080 28311.119140625 387
1751922227321 27954.26953125 388
1751922227560 25729.97265625 389
1751922227802 24802.400390625 390
1751922228043 26585.822265625 391
1751922228283 26194.779296875 392
1751922228525 28967.857421875 393
1751922228764 28273.015625 394
1751922229004 27691.587890625 395
1751922229245 28244.5625 396
1751922229484 27984.505859375 397
1751922229727 30820.359375 398
1751922229969 30520.888671875 399
1751922230210 29383.509765625 400
1751922230450 26891.103515625 401
1751922230961 26866.849609375 402
1751922231201 28560.474609375 403
1751922231442 29950.6875 404
1751922231682 29326.65625 405
1751922231923 28711.576171875 406
1751922232173 28394.46875 407
1751922232426 30849.72265625 408
1751922232683 26925.431640625 409
1751922232944 29482.927734375 410
1751922233214 29024.208984375 411
1751922233474 26877.931640625 412
1751922233724 29070.259765625 413
1751922233989 27529.068359375 414
1751922234242 28940.748046875 415
1751922234495 28941.6875 416
1751922234749 25272.40625 417
1751922235003 27817.89453125 418
1751922235256 25534.69921875 419
1751922235512 30737.78125 420
1751922235765 30415.958984375 421
1751922236018 28865.462890625 422
1751922236270 28987.943359375 423
1751922236523 27450.103515625 424
1751922236774 29651.935546875 425
1751922237029 25842.533203125 426
1751922237282 29721.015625 427
1751922237536 29408.89453125 428
1751922237822 28335.744140625 429
1751922238108 28287.125 430
1751922238398 30089.25 431
1751922238688 29115.107421875 432
1751922238974 28652.994140625 433
1751922239256 30431.95703125 434
1751922239539 28384.083984375 435
1751922239819 28474.416015625 436
1751922240099 29405.728515625 437
1751922240385 30356.724609375 438
1751922240669 28077.634765625 439
1751922240959 28861.203125 440
1751922241249 29141.201171875 441
1751922241534 30344.337890625 442
1751922241818 27328.919921875 443
1751922242102 30905.900390625 444
1751922242387 29023.37890625 445
1751922242673 28116.232421875 446
1751922242956 26823.560546875 447
1751922243241 27525.294921875 448
1751922243531 26743.28125 449
1751922243819 25911.21484375 450
1751922244107 25882.53125 451
1751922244387 26780.875 452
1751922244676 27316.357421875 453
1751922244964 26948.30078125 454
1751922245250 28962.1875 455
1751922245537 28458.681640625 456
1751922245820 28885.201171875 457
1751922246112 27563.34375 458
1751922246396 26870.296875 459
1751922246678 27373.255859375 460
1751922246958 28827.78515625 461
1751922247239 28678.587890625 462
1751922247517 25899.970703125 463
1751922247798 28517.86328125 464
1751922248073 25324.458984375 465
1751922248358 26229.669921875 466
1751922248643 24743.279296875 467
1751922248923 29221.302734375 468
1751922249201 28289.123046875 469
1751922249482 26571.76953125 470
1751922249767 26303.9375 471
1751922250048 28214.296875 472
1751922250331 29789.80078125 473
1751922250614 28360.84375 474
1751922250906 27933.193359375 475
1751922251196 27143.478515625 476
1751922251481 29136.119140625 477
1751922251765 28660.037109375 478
1751922252049 27174.494140625 479
1751922252323 28228.326171875 480
1751922252605 26743.498046875 481
1751922252887 26968.263671875 482
1751922253171 27551.451171875 483
1751922253464 29772.248046875 484
1751922253755 26759.806640625 485
1751922254038 27789.1875 486
1751922254313 29729.125 487
1751922254599 27999.037109375 488
1751922254884 28950.373046875 489
1751922255166 27261.40625 490
1751922255448 28961.61328125 491
1751922255734 26199.08203125 492
1751922256024 26517.703125 493
1751922256312 28343.318359375 494
1751922256596 28512.87890625 495
1751922256880 28204.716796875 496
1751922257164 27102.8125 497
1751922257451 27711.3125 498
1751922257734 27073.65625 499
1751922258020 27218.068359375 500
1751922258308 26581.560546875 501
1751922259036 25953.572265625 502
1751922259320 28227.662109375 503
1751922259606 30648.95703125 504
1751922259889 29840.365234375 505
1751922260172 27130.51953125 506
1751922260457 25450.28515625 507
1751922260741 27196.244140625 508
1751922261033 27630.65625 509
1751922261319 26732.513671875 510
1751922261602 27914.990234375 511
1751922261888 28936.021484375 512
1751922262175 26947.95703125 513
1751922262462 28474.115234375 514
1751922262746 26229.791015625 515
1751922263030 25048.12890625 516
1751922263317 29910.36328125 517
1751922263610 27843.935546875 518
1751922263895 26576.28125 519
1751922264179 29089.451171875 520
1751922264461 27113.912109375 521
1751922264746 27644.794921875 522
1751922265034 29095.50390625 523
1751922265327 28624.013671875 524
1751922265614 26146.0 525
1751922265898 26518.00390625 526
1751922266181 27490.84375 527
1751922266466 26810.353515625 528
1751922266755 27700.052734375 529
1751922267039 28574.630859375 530
1751922267324 29015.662109375 531
1751922267608 28562.306640625 532
1751922267891 23795.564453125 533
1751922268177 28434.791015625 534
1751922268464 28257.177734375 535
1751922268750 26578.03125 536
1751922269035 28849.140625 537
1751922269322 31151.072265625 538
1751922269610 27821.927734375 539
1751922269901 28305.671875 540
1751922270182 30750.232421875 541
1751922270466 26790.306640625 542
1751922270750 26176.294921875 543
1751922271041 28091.96875 544
1751922271331 28038.1875 545
1751922271614 29321.193359375 546
1751922271898 31503.62890625 547
1751922272185 27462.162109375 548
1751922272470 27044.619140625 549
1751922272759 26495.28125 550
1751922273047 28757.1875 551
1751922273335 27665.5625 552
1751922273627 28213.46875 553
1751922273915 25268.482421875 554
1751922274200 27949.25 555
1751922274484 26459.744140625 556
1751922274778 24912.61328125 557
1751922275063 24276.80859375 558
1751922275346 29110.75 559
1751922275636 27747.119140625 560
1751922275927 30086.39453125 561
1751922276219 30051.763671875 562
1751922276506 26611.505859375 563
1751922276796 28020.61328125 564
1751922277080 23493.263671875 565
1751922277363 24503.365234375 566
1751922277647 29697.109375 567
1751922277933 29810.232421875 568
1751922278226 26755.87890625 569
1751922278518 27137.306640625 570
1751922278807 27988.509765625 571
1751922279092 26912.568359375 572
1751922279374 26514.14453125 573
1751922279662 26515.037109375 574
1751922279947 27230.123046875 575
1751922280239 29210.65625 576
1751922280530 28337.146484375 577
1751922280821 26797.994140625 578
1751922281111 29807.5625 579
1751922281400 28257.044921875 580
1751922281689 24695.25390625 581
1751922281977 27866.083984375 582
1751922282260 27663.36328125 583
1751922282546 28729.3125 584
1751922282837 28806.61328125 585
1751922283125 27989.875 586
1751922283418 29025.412109375 587
1751922283709 27214.427734375 588
1751922283996 30796.40625 589
1751922284288 28429.849609375 590
1751922284577 29775.03125 591
1751922284859 28074.64453125 592
1751922285146 28228.474609375 593
1751922285432 30409.05078125 594
1751922285716 30474.05078125 595
1751922286002 28424.98828125 596
1751922286287 29441.125 597
1751922286568 28711.634765625 598
1751922286846 24985.109375 599
1751922287133 27962.279296875 600
1751922287418 28013.240234375 601
1751922288183 29669.044921875 602
1751922288471 26758.40625 603
1751922288764 28560.83203125 604
1751922289049 24962.5 605
1751922289331 26649.296875 606
1751922289616 25921.78125 607
1751922289905 28884.73828125 608
1751922290193 27989.65625 609
1751922290483 26637.28125 610
1751922290770 26580.443359375 611
1751922291070 28460.619140625 612
1751922291359 28519.482421875 613
1751922291647 27878.068359375 614
1751922291935 28430.146484375 615
1751922292226 26766.537109375 616
1751922292514 24512.44921875 617
1751922292807 28687.763671875 618
1751922293088 24416.828125 619
1751922293377 27146.716796875 620
1751922293668 29296.513671875 621
1751922293962 26864.318359375 622
1751922294254 30114.326171875 623
1751922294544 24533.287109375 624
1751922294838 29287.044921875 625
1751922295132 25869.109375 626
1751922295425 25758.380859375 627
1751922295717 29618.201171875 628
1751922296003 28091.96875 629
1751922296293 25847.453125 630
1751922296585 27379.9375 631
1751922296877 24025.6328125 632
1751922297169 26168.779296875 633
1751922297461 25016.833984375 634
1751922297751 26678.763671875 635
1751922298040 27745.400390625 636
1751922298331 27632.072265625 637
1751922298625 26365.46875 638
1751922298917 28760.09375 639
1751922299206 26740.818359375 640
1751922299495 26620.912109375 641
1751922299786 28294.525390625 642
1751922300073 25622.427734375 643
1751922300359 26450.05078125 644
1751922300649 27631.259765625 645
1751922300943 27727.23828125 646
1751922301234 27847.404296875 647
1751922301522 23970.25 648
1751922301810 26378.576171875 649
1751922302095 23972.841796875 650
1751922302382 28728.927734375 651
1751922302666 25277.419921875 652
1751922302956 26491.333984375 653
1751922303239 27286.681640625 654
1751922303534 26844.357421875 655
1751922303822 28429.138671875 656
1751922304107 25355.626953125 657
1751922304392 28287.95703125 658
1751922304682 29277.73828125 659
1751922304972 27311.685546875 660
1751922305263 26468.201171875 661
1751922305548 29307.546875 662
1751922305834 26857.45703125 663
1751922306122 23648.822265625 664
1751922306406 26363.865234375 665
1751922306695 26736.92578125 666
1751922306981 27104.484375 667
1751922307274 25583.734375 668
1751922307558 28542.84375 669
1751922307840 27262.25390625 670
1751922308121 22514.671875 671
1751922308407 28215.03125 672
1751922308695 25436.228515625 673
1751922308984 28449.037109375 674
1751922309268 27346.669921875 675
1751922309559 27831.5 676
1751922309846 26327.162109375 677
1751922310131 26194.01953125 678
1751922310417 24615.982421875 679
1751922310705 28733.21875 680
1751922310996 29191.859375 681
1751922311288 25577.9140625 682
1751922311576 27625.373046875 683
1751922311867 28445.716796875 684
1751922312158 24932.69140625 685
1751922312449 25485.0625 686
1751922312737 27901.568359375 687
1751922313024 27799.583984375 688
1751922313315 27453.96875 689
1751922313606 28920.134765625 690
1751922313893 27303.287109375 691
1751922314182 25411.859375 692
1751922314471 24952.986328125 693
1751922314756 24612.353515625 694
1751922315039 27849.349609375 695
1751922315326 24003.90625 696
1751922315612 28300.318359375 697
1751922315901 25989.650390625 698
1751922316189 26452.248046875 699
1751922316495 26409.279296875 700
1751922316775 28132.388671875 701
1751922317516 26485.099609375 702
1751922317786 27580.400390625 703
1751922318184 25184.392578125 704
1751922318451 26707.76953125 705
1751922318716 28333.990234375 706
1751922318983 27486.748046875 707
1751922319250 25076.341796875 708
1751922319517 27230.15625 709
1751922319791 27735.646484375 710
1751922320061 26988.619140625 711
1751922320335 24863.671875 712
1751922320608 26438.150390625 713
1751922320880 23063.990234375 714
1751922321154 26676.607421875 715
1751922321419 29796.775390625 716
1751922321690 27631.56640625 717
1751922321959 26159.64453125 718
1751922322223 28309.498046875 719
1751922322480 24937.9375 720
1751922322738 27904.482421875 721
1751922322994 26457.193359375 722
1751922323245 24894.734375 723
1751922323493 23853.599609375 724
1751922323741 27281.703125 725
1751922323985 23809.076171875 726
1751922324246 29433.51953125 727
1751922324513 26102.697265625 728
1751922324769 27784.138671875 729
1751922325020 24812.884765625 730
1751922325278 26627.255859375 731
1751922325530 25342.697265625 732
1751922325779 25566.310546875 733
1751922326045 24571.302734375 734
1751922326296 24141.03125 735
1751922326574 27035.294921875 736
1751922326850 26584.73828125 737
1751922327128 25621.826171875 738
1751922327405 26304.388671875 739
1751922327692 26431.662109375 740
1751922327966 28663.90625 741
1751922328242 25659.771484375 742
1751922328517 28027.677734375 743
1751922328792 25529.81640625 744
1751922329070 27280.64453125 745
1751922329345 24151.322265625 746
1751922329620 27138.037109375 747
1751922329894 27432.388671875 748
1751922330172 25067.88671875 749
1751922330445 27760.755859375 750
1751922330719 28085.64453125 751
1751922330995 26508.900390625 752
1751922331270 26383.53125 753
1751922331552 27705.537109375 754
1751922331832 29227.416015625 755
1751922332112 27324.466796875 756
1751922332388 28421.3125 757
1751922332670 26248.625 758
1751922332946 24389.205078125 759
1751922333221 29661.119140625 760
1751922333510 26466.044921875 761
1751922333794 23469.2734375 762
1751922334076 24296.3828125 763
1751922334350 23369.44140625 764
1751922334624 28033.369140625 765
1751922334905 24771.47265625 766
1751922335182 25394.9296875 767
1751922335462 24159.701171875 768
1751922335747 26827.56640625 769
1751922336030 24847.11328125 770
1751922336307 26665.03125 771
1751922336591 25915.21875 772
1751922336878 25242.638671875 773
1751922337167 27195.25 774
1751922337453 27451.765625 775
1751922337742 26479.529296875 776
1751922338031 24626.75390625 777
1751922338316 25804.576171875 778
1751922338596 27405.390625 779
1751922338867 23460.544921875 780
1751922339135 29528.359375 781
1751922339399 24119.623046875 782
1751922339661 27921.03125 783
1751922339926 27069.40625 784
1751922340191 26258.462890625 785
1751922340456 24194.17578125 786
1751922340719 24509.142578125 787
1751922341029 28722.01953125 788
1751922341319 23934.822265625 789
1751922341610 24723.876953125 790
1751922341873 26506.42578125 791
1751922342126 24281.244140625 792
1751922342400 25036.7109375 793
