1751922405387 45921.62109375 1
1751922405854 41312.86328125 2
1751922406097 49871.55078125 3
1751922406346 54062.70703125 4
1751922406593 44348.54296875 5
1751922406840 48543.21484375 6
1751922407096 42563.91796875 7
1751922407349 40900.57421875 8
1751922407606 50555.46484375 9
1751922407860 43507.39453125 10
1751922408107 41067.890625 11
1751922408353 49168.890625 12
1751922408604 44731.65234375 13
1751922408857 51049.4453125 14
1751922409105 46087.80078125 15
1751922409360 55841.80078125 16
1751922409616 47045.69921875 17
1751922409870 48845.27734375 18
1751922410114 46977.1640625 19
1751922410361 43483.97265625 20
1751922410608 44078.01953125 21
1751922410862 47005.015625 22
1751922411116 46267.953125 23
1751922411371 43314.296875 24
1751922411616 39937.49609375 25
1751922411863 39358.65625 26
1751922412116 51155.80859375 27
1751922412364 43923.79296875 28
1751922412615 50097.4375 29
1751922412873 48382.6875 30
1751922413127 42686.4453125 31
1751922413372 48552.8203125 32
1751922413619 46758.08984375 33
1751922413870 40433.2265625 34
1751922414124 49787.88671875 35
1751922414380 42486.15234375 36
1751922414635 42570.8125 37
1751922414882 42400.6875 38
1751922415132 50856.1328125 39
1751922415395 57573.84375 40
1751922415644 44111.4375 41
1751922415896 50122.55859375 42
1751922416153 50321.390625 43
1751922416408 44019.125 44
1751922416653 41151.0859375 45
1751922416902 43757.94921875 46
1751922417163 42822.7734375 47
1751922417409 49231.04296875 48
1751922417654 40738.02734375 49
1751922417898 40879.0703125 50
1751922418146 43651.69921875 51
1751922418392 39916.17578125 52
1751922418637 44223.296875 53
1751922418882 48034.43359375 54
1751922419130 45721.19921875 55
1751922419377 46189.82421875 56
1751922419622 49621.3125 57
1751922419867 45633.64453125 58
1751922420115 47642.43359375 59
1751922420370 44911.625 60
1751922420621 46943.53125 61
1751922420870 42617.87890625 62
1751922421121 46506.14453125 63
1751922421374 44950.59765625 64
1751922421630 41724.37109375 65
1751922421893 53979.3515625 66
1751922422154 47433.4453125 67
1751922422421 48023.6875 68
1751922422673 43856.63671875 69
1751922422914 47080.14453125 70
1751922423153 50471.26171875 71
1751922423394 44698.3125 72
1751922423635 54909.75 73
1751922423874 54717.37109375 74
1751922424119 41988.37890625 75
1751922424360 49698.734375 76
1751922424611 47281.79296875 77
1751922424881 50604.76953125 78
1751922425144 45750.05859375 79
1751922425410 39084.31640625 80
1751922425673 48915.28125 81
1751922425931 43397.30859375 82
1751922426198 40150.15625 83
1751922426443 44137.63671875 84
1751922426684 47560.82421875 85
1751922426926 42403.44921875 86
1751922427167 52604.75 87
1751922427407 43382.078125 88
1751922427646 57097.17578125 89
1751922427904 40756.79296875 90
1751922428170 42334.05859375 91
1751922428419 42344.0390625 92
1751922428660 47057.23046875 93
1751922428903 44134.96484375 94
1751922429144 47282.7109375 95
1751922429386 42472.6171875 96
1751922429631 45457.0234375 97
1751922429874 46711.24609375 98
1751922430114 46056.26171875 99
1751922430354 43494.1171875 100
